5.0 0.0000000052498862	0.0000000000000000	-0.0257372964457274
6.0 0.0000010625068245	0.0000000000000000	-0.0524104706243843
7.0 0.0000502437520257	0.0000000000000000	-0.0956604312332168
8.0 0.0009503936212450	0.0000000000000000	-0.1613130276684719
9.0 0.0097107646918090	0.0000000000000000	-0.2562834012663474
10.0 0.0642457227960642	0.0000000000000000	-0.3887544764010610
11.0 0.3090604145169748	0.0000000000000000	-0.5683944564319773
12.0 1.1684604786688990	0.0000000000000000	-0.8066098490852177
13.0 3.6648679257128083	0.0000000000000000	-1.1168300414495878
14.0 9.9141314893979366	0.0000000000000000	-1.5148188882963964
15.0 23.8038565984413850	0.0000000000000000	-2.0190081637924200
16.0 51.8345733316226570	0.0000000000000000	-2.6508470502519557
17.0 104.0842393985407600	0.0000000000000000	-3.4351610921948983
18.0 191.8761207120737400	0.0000000000000000	-4.4005132228525019
19.0 448.6764628482478100	0.0000000000000000	-5.5795585659187781
20.0 832.9758766345851200	0.0000000000000000	-7.0093837195577597
21.0 1381.8402553301792000	0.0000000000000000	-8.7318201333881671
22.0 2138.6383409982877000	0.0000000000000003	-10.7937199824003720
23.0 3153.5453643554724000	0.0000000000000115	-13.2471816135232100
24.0 4484.0467710673220000	0.0000000000002792	-16.1497101787321140
25.0 6195.4410074210073000	0.0000000000047367	-19.5642974598135910
26.0 8361.3403522642602000	0.0000000000592626	-23.5594031194347410
27.0 11064.1687944514180000	0.0000000005713790	-28.2088176647447360
28.0 14395.6559672854870000	0.0000000044026705	-33.5913852654031540
29.0 18457.3261647789590000	0.0000000279438350	-39.7905622078558140
30.0 23360.9814799534400000	0.0000001498351625	-46.8937841699575840
31.0 29229.1781236867170000	0.0000006933282456	-54.9916126404537020
32.0 36195.6950045307890000	0.0000028189131285	-64.1766276596058280
33.0 44405.9936761356880000	0.0000102257979041	-74.5420305907681350
34.0 54017.6687900547910000	0.0000335334224215	-86.1799168152016930
35.0 65200.8882283891650000	0.0001005347399484	-99.1791740375758620
36.0 78138.8221335582060000	0.0002782504746717	-113.6229572572497800
37.0 93028.0601020665640000	0.0007169672937226	-129.5856863560114800
38.0 110079.0158660915900000	0.0017325845878170	-147.1295066270976100
39.0 129516.3188516748500000	0.0039519094092653	-166.3001463682599600
40.0 151579.1920759092000000	0.0085561817921068	-187.1220988226121200
41.0 176521.8159284521000000	0.0176710909893110	-209.5930482075071100
42.0 204613.6774756547200000	0.0349667317155062	-233.6774512488444500
43.0 236139.9050292956200000	0.0665481285298234	-259.2991764527080800
44.0 271401.5878371041600000	0.1222358654221649	-286.3330932055249600
45.0 310716.0808797098600000	0.2173567512250936	-314.5954915950620100
46.0 354417.2948991698200000	0.3751861486034769	-343.8332014729279000
47.0 402855.9719386210800000	0.6302065132837663	-373.7112656073371100
48.0 456399.9468417309700000	1.0323708673788623	-403.7990066605293000
49.0 515434.3953453247700000	1.6525855250279724	-433.5543110101851300
50.0 580362.0695997511500000	2.5896536737797735	-462.3059339417856700
51.0 651603.5221700784800000	3.9789507645789222	-489.2336102722720200
52.0 729597.3198080274700000	6.0031345314388371	-513.3457318047405800
53.0 814800.2485404835300000	8.9052273660844872	-533.4543279137996000
54.0 907687.5118964596200000	13.0044472765589830	-548.1470577475211000
55.0 1008752.9243913331000000	18.7152063592677140	-555.7558916982263800
56.0 1118509.1027058763000000	26.5697432337221610	-554.3221255978085100
57.0 1237487.6573390579000000	37.2449088717550720	-541.5573331512125600
58.0 1366239.3878782238000000	51.5936843616196510	-514.7998200039329500
59.0 1505334.4854192552000000	70.6820750674972090	-470.9660960673115800
60.0 1655362.7460828670000000	95.8320990877543720	-406.4968307590467600
61.0 1816933.8000121415000000	128.6716696231918000	-317.2966980542318500
62.0 1990677.3607011512000000	171.1922616189458500	-198.6674540079846500
63.0 2177243.4999951548000000	225.8153536631349100	-45.2335179451818590
64.0 2377302.9546198728000000	295.4687474830386100	149.1407510323589900
65.0 2591547.4706403390000000	383.6739904006107100	391.4429791530374700
66.0 2820690.1928189169000000	494.6462617764029200	689.6149003165689900
67.0 3065466.1064363066000000	633.4082338283518500	1052.6657812888686000
68.0 3326632.5397586194000000	805.9195813655829900	1490.7983780299744000
69.0 3604969.7359759370000000	1019.2239950961447000	2015.5487882788134000
70.0 3901281.5041026631000000	1281.6157504806035000	2639.9417182434468000
71.0 4216395.9590148889000000	1602.8280998966316000	3378.6628517809331000
72.0 4551166.3615030581000000	1994.2459914889816000	4248.2502009367281000
73.0 4906472.0699365009000000	2469.1458748813538000	5267.3065295847764000
74.0 5283219.6158668222000000	3042.9656333261314000	6456.7351798675572000
75.0 5682343.9166356958000000	3733.6079852806492000	7840.0018972545186000
76.0 6104809.6387947472000000	4561.7810272296419000	9443.4255477264105000
77.0 6551612.7268864131000000	5551.3799451906580000	11296.5009537112860000
78.0 7023782.1128679169000000	6729.9143060385695000	13432.2574482550280000
79.0 7522381.6221805932000000	8128.9857527509857000	15887.6571643453120000
80.0 8048512.0931653138000000	9784.8213709288575000	18704.0375437124890000
81.0 8603313.7271932773000000	11738.8684682838380000	21927.6030728917210000
82.0 9187968.6875123940000000	14038.4570147076370000	25609.9718405438330000
83.0 9803703.9653898440000000	16737.5365281688280000	29808.7831665670130000
84.0 10451794.5326541890000000	19897.4947606563660000	34588.3732887041480000
85.0 11133566.8001887670000000	23588.0661377406030000	40020.5269154194980000
86.0 11850402.4022941240000000	27888.3385333454570000	46185.3133750280250000
87.0 12603742.3271025610000000	32887.8676154105050000	53172.0171215622900000
88.0 13395091.4133815190000000	38687.9086745730090000	61080.1735100305960000
89.0 14226023.2340850400000000	45402.7765418217600000	70020.7220407450660000
90.0 15098185.3868915270000000	53161.3449057318070000	80117.2907087094210000
91.0 16013305.2116804920000000	62108.6970470345700000	91507.6266948282140000
92.0 16973195.9544352400000000	72407.9407074501800000	104345.1904170289300000
93.0 17979763.3963956940000000	84242.2004879938320000	118800.9319374264600000
94.0 19035012.9664013460000000	97816.8018136333700000	135065.2709133839200000
95.0 20141057.3532495870000000	113361.6610872601600000	153350.3037008431900000
96.0 21300124.6335214040000000	131133.8971638416700000	173892.2638821519200000
97.0 22514566.9286831540000000	151420.6796786314500000	196954.2654090215200000
98.0 23786869.6033409240000000	174542.3300301550200000	222829.3607298490500000
99.0 25119661.0142856500000000	200855.6909130449300000	251843.9497090331300000
100.0 26515722.8174114080000000	230757.7801758683300000	284361.5788304401200000
101.0 27978000.8366988970000000	264689.7443971512300000	320787.1740816062100000
102.0 29509616.4962294180000000	303141.1268748887800000	361571.7549858444800000
103.0 31113878.8126132080000000	346654.4636504188500000	407217.6814084704400000
104.0 32794296.9412892610000000	395830.2196695116600000	458284.4888822009100000
105.0 34554593.2658713090000000	451332.0751481846100000	515395.3720971885500000
106.0 36398717.0150903910000000	513892.5695781962100000	579244.3796187252700000
107.0 38330858.3869207800000000	584319.1074919786800000	650604.3854695437500000
108.0 40355463.1541985120000000	663500.3260190560200000	730335.9044332574100000
109.0 42477247.7204619940000000	752412.8193130781900000	819396.8171168041900000
110.0 44701214.5889000590000000	852128.2090171927100000	918853.0670113316700000
111.0 47032668.2012161610000000	963820.5429746380500000	1029890.3837636882000000
112.0 49477231.0969515140000000	1088773.9962964405000000	1153827.0729349034000000
113.0 52040860.3374038340000000	1228390.8395950575000000	1292127.8904689159000000
114.0 54729864.1318016200000000	1384199.6286246059000000	1446418.9870017148000000
115.0 57550918.5968905840000000	1557863.5577013690000000	1618503.8592182491000000
116.0 60511084.5746633930000000	1751188.9061106374000000	1810380.1777653412000000
117.0 63617824.4266632050000000	1966133.4922763449000000	2024257.2674715377000000
118.0 66879018.7172353190000000	2204815.0348679856000000	2262573.8877297537000000
119.0 70302982.6923566610000000	2469519.3033961249000000	2528015.7888937462000000
120.0 73898482.4553564340000000	2762707.9234275501000000	2823532.2919961107000000
121.0 77674750.7360465970000000	3087025.6836419790000000	3152350.8391909571000000
122.0 81641502.1456047300000000	3445307.1739569027000000	3517988.0738366013000000
123.0 85808947.8061255960000000	3840582.5663715298000000	3924255.5128310542000000
124.0 90187809.2411433010000000	4276082.3336402532000000	4375257.2503783135000000
125.0 94789331.4117693160000000	4755240.6861073468000000	4875376.3649205370000000
126.0 99625294.7824477260000000	5281697.4948528800000000	5429245.7807355030000000
127.0 104708026.3008155400000000	5859298.4606484603000000	6041698.2713052183000000
128.0 110050409.1778273100000000	6492093.2841139324000000	6717689.1231371807000000
129.0 115665891.3572455300000000	7184331.5939681493000000	7462183.8005856182000000
130.0 121568492.5678402600000000	7940456.3984571826000000	8280001.9433784280000000
131.0 127772809.8572414100000000	8765094.8409649562000000	9175608.4945523981000000
132.0 134294021.5133297400000000	9663046.0654091351000000	10152843.1772921850000000
133.0 141147889.2873723500000000	10639266.0310767520000000	11214581.6141361690000000
134.0 148350758.8427332900000000	11698849.1605900560000000	12362326.0498159160000000
135.0 155919558.3639110900000000	12847006.7589147000000000	13595732.0247918550000000
136.0 163871795.2727683200000000	14089042.2055203770000000	14912090.5742563080000000
137.0 172225551.0120419000000000	15430322.9952833840000000	16305804.2925990520000000
138.0 180999473.8704398000000000	16876249.7852414400000000	17767919.4514728080000000
139.0 190212769.8386705800000000	18432222.6920500580000000	19285802.6378146070000000
140.0 199885191.5015047800000000	20103605.1765345740000000	20843073.1372273190000000
141.0 210037024.9871782700000000	21895685.9441106430000000	22419911.7029358740000000
142.0 220689075.0119926900000000	23813639.3796020820000000	23993849.7191296410000000
143.0 231862648.0745841300000000	25862485.1182969730000000	25541088.2204249870000000
144.0 243579533.8708113400000000	28047047.4279293720000000	27038299.5192065160000000
145.0 255861985.0163621300000000	30371915.1346387080000000	28464736.6753312130000000
146.0 268732695.1797022200000000	32841402.8660654720000000	29804349.3239256810000000
147.0 282214775.7427671000000000	35459514.4033043610000000	31047525.2235455620000000
148.0 296331731.1204761900000000	38229908.9279070500000000	32192089.9504289780000000
149.0 311107432.8826967500000000	41155870.9189227970000000	33243320.5437765680000000
150.0 326566092.8333461300000000	44240284.3976451900000000	34212937.2338708270000000
151.0 342732235.2108584000000000	47485612.1351207490000000	35117266.0511600150000000
152.0 359630668.1820559500000000	50893880.3316894250000000	35974937.7588098570000000
153.0 377286454.8074203100000000	54466669.1522394200000000	36804552.5249181760000000
154.0 395724883.6599010800000000	58205109.3599473830000000	37622687.9788931310000000
155.0 414971439.2814154000000000	62109885.1404011850000000	38442495.8951013760000000
156.0 435051772.6614291700000000	66181243.0531183780000000	39272974.1673190370000000
157.0 455991671.9200867400000000	70419006.8947750180000000	40118864.2156784610000000
158.0 477817033.3746526200000000	74822598.1140376780000000	40981036.1817634400000000
159.0 500553833.1623821300000000	79391061.2873547970000000	41857189.2110795970000000
160.0 524228099.5855903000000000	84123094.0532524290000000	42742700.6060868130000000
161.0 548865886.3357169600000000	89017080.8133806440000000	43631488.9492081550000000
162.0 574493246.7427556500000000	94071129.4443444610000000	44516797.1160843220000000
163.0 601136209.1846545900000000	99283110.2264918980000000	45391840.6972233430000000
164.0 628820753.7785104500000000	104650696.1842944300000000	46250299.9103231430000000
165.0 657572790.4616229500000000	110171404.0464811000000000	47086656.6091211890000000
166.0 687418138.5560609100000000	115842635.0703879300000000	47896392.8305477350000000
167.0 718382507.8954720500000000	121661715.0309123500000000	48676075.0022053350000000
168.0 750491481.5777299400000000	127625932.7462877600000000	49423350.3294277860000000
169.0 783770500.3916913300000000	133732576.5965509300000000	50136880.7834761960000000
170.0 818244848.9513136100000000	139978968.5819129600000000	50816236.9860945050000000
171.0 853939643.5554732100000000	146362495.5632435100000000	51461770.2325623260000000
172.0 890879821.7775993300000000	152880637.4218567900000000	52074476.6796202880000000
173.0 929090133.7754669200000000	159530991.9675063200000000	52655863.8095263540000000
174.0 968595135.2986730300000000	166311296.5093025900000000	53207825.9174278080000000
175.0 1009419182.3591737000000000	173219446.0820821500000000	53732532.6549335350000000
176.0 1051586427.5193584000000000	180253508.3891482700000000	54232332.5854644180000000
177.0 1095120817.7420700000000000	187411735.5803830900000000	54709672.2057261990000000
178.0 1140046093.7380965000000000	194692573.0321764300000000	55167029.8711567300000000
179.0 1186385790.7390208000000000	202094665.3325257600000000	55606863.4277755920000000
180.0 1234163240.6166706000000000	209616859.7015258400000000	56031570.0102842670000000
181.0 1283401575.2650597000000000	217258207.0950460400000000	56443456.3316082210000000
182.0 1334123731.1563940000000000	225017961.2486535300000000	56844717.7977969270000000
183.0 1386352454.9796467000000000	232895575.9208639300000000	57237424.8799985200000000
184.0 1440110310.2679870000000000	240890700.5907284600000000	57623515.3264613150000000
185.0 1495419684.9203427000000000	249003174.8557337800000000	58004790.9716665820000000
186.0 1552302799.5221765000000000	257233021.7630799700000000	58382918.0785457490000000
187.0 1610781716.3712573000000000	265580440.2916362300000000	58759430.3219358030000000
188.0 1670878349.1156514000000000	274045797.1841465800000000	59135733.6808287350000000
189.0 1732614472.9134586000000000	282629618.3103717600000000	59513112.6449383720000000
190.0 1796011735.0264452000000000	291332579.7224838100000000	59892737.2651935290000000
191.0 1861091665.7631912000000000	300155498.5447297700000000	60275670.6790975030000000
192.0 1927875689.6911676000000000	309099323.8205949700000000	60662876.8283310910000000
193.0 1996385137.0411887000000000	318165127.4227704400000000	61055228.1567814950000000
194.0 2066641255.2322707000000000	327354095.1144115300000000	61453513.1333153020000000
195.0 2138665220.4495559000000000	336667517.8346229200000000	61858443.4902923480000000
196.0 2212478149.2127357000000000	346106783.2669414900000000	62270661.1034855620000000
197.0 2288101109.8774428000000000	355673367.7368319000000000	62690744.4677681400000000
198.0 2365555134.0169158000000000	365368828.4728803000000000	63119214.7438348160000000
199.0 2444861227.6362100000000000	375194796.2564152500000000	63556541.3673501540000000
200.0 2526040382.1760802000000000	385152968.4756550200000000	64003147.2237792310000000
201.0 2609113585.2685170000000000	395245102.5930811200000000	64459413.4003335090000000
202.0 2694101831.2103271000000000	405473010.0284871500000000	64925683.5326820310000000
203.0 2781026131.1257601000000000	415838550.4549403800000000	65402267.7677051130000000
204.0 2869907522.7933979000000000	426343626.5006243600000000	65889446.3657671660000000
205.0 2960767080.1164379000000000	436990178.8461024800000000	66387472.9672748520000000
206.0 3053625922.2196140000000000	447780181.7038426400000000	66896577.5483878630000000
207.0 3148505222.1590977000000000	458715638.6648038000000000	67416969.0905448790000000
208.0 3245426215.2354045000000000	469798578.8953849100000000	67948837.9874891340000000
209.0 3344410206.9024634000000000	481031053.6670256300000000	68492358.2125200630000000
210.0 3445478580.2683468000000000	492415133.2001352300000000	69047689.2673375010000000
211.0 3548652803.1862946000000000	503952903.8037435400000000	69614977.9325460790000000
212.0 3653954434.9366860000000000	515646465.2922666700000000	70194359.8382845970000000
213.0 3761405132.5027156000000000	527497928.6610099700000000	70785960.8722677680000000
214.0 3871026656.4446449000000000	539509414.0024229300000000	71389898.4408896860000000
215.0 3982840876.3787274000000000	551683048.6456713700000000	72006282.5979068280000000
216.0 4096869776.0688815000000000	564020965.5027338300000000	72635217.0537943840000000
217.0 4213135458.1399732000000000	576525301.6049621100000000	73276800.0777323250000000
218.0 4331660148.4229040000000000	589198196.8148189800000000	73931125.3031755540000000
219.0 4452466199.9425669000000000	602041792.6983176500000000	74598282.4466447830000000
220.0 4575576096.5604067000000000	615058231.5445220500000000	75278357.9488435240000000
221.0 4701012456.2838583000000000	628249655.5192909200000000	75971435.5459425600000000
222.0 4828798034.2557344000000000	641618205.9412720200000000	76677596.7783108800000000
223.0 4958955725.4363699000000000	655166022.6689633100000000	77396921.4432181420000000
224.0 5091508566.9922228000000000	668895243.5884354100000000	78129487.9973454180000000
225.0 5226479740.4042377000000000	682808004.1920633300000000	78875373.9143062080000000
226.0 5363892573.3095922000000000	696906437.2393367300000000	79634656.0019891560000000
227.0 5503770541.0903225000000000	711192672.4915089600000000	80407410.6838666800000000
228.0 5646137268.2221251000000000	725668836.5124868200000000	81193714.2481561300000000
229.0 5791016529.3966599000000000	740337052.5289852600000000	81993643.0681691170000000
230.0 5938432250.4302578000000000	755199440.3435381700000000	82807273.7969356920000000
231.0 6088408508.9716225000000000	770258116.2945087000000000	83634683.5388602470000000
232.0 6240969535.0211430000000000	785515193.2577301300000000	84475950.0008362230000000
233.0 6396139711.2735796000000000	800972780.6848911000000000	85331151.6250225900000000
234.0 6553943573.2959862000000000	816632984.6742104300000000	86200367.7052581910000000
235.0 6714405809.5519924000000000	832497908.0693442800000000	87083678.4888651070000000
236.0 6877551261.2833366000000000	848569650.5828472400000000	87981165.2654655130000000
237.0 7043404922.2591152000000000	864850308.9408582400000000	88892910.4441417600000000
238.0 7211991938.4026756000000000	881341977.0459837900000000	89818997.6202875820000000
239.0 7383337607.3057299000000000	898046746.1556592000000000	90759511.6332560030000000
240.0 7557467377.6389055000000000	914966705.0735243600000000	91714538.6157905610000000
241.0 7734406848.4672976000000000	932103940.3516030300000000	92684166.0361773820000000
242.0 7914181768.4793072000000000	949460536.5012983100000000	93668482.7339529540000000
243.0 8096818035.1366949000000000	967038576.2114150500000000	94667578.9498440330000000
244.0 8282341693.7532206000000000	984840140.5716213000000000	95681546.3506127450000000
245.0 8470778936.5088425000000000	1002867309.2999165000000000	96710478.0494159910000000
246.0 8662156101.4062176000000000	1021122160.9728457000000000	97754468.6221505550000000
247.0 8856499671.1755180000000000	1039606773.2573249000000000	98813614.1202948990000000
248.0 9053836272.1337185000000000	1058323223.1430864000000000	99888012.0806421340000000
249.0 9254192673.0037136000000000	1077273587.1748605000000000	100977761.5322995200000000
250.0 9457595783.6982861000000000	1096459941.6835165000000000	102082963.0012923000000000
251.0 9664072654.0740871000000000	1115884363.0154912000000000	103203718.5130599100000000
252.0 9873650472.6597557000000000	1135548927.7599058000000000	104340131.5931430900000000
253.0 10086356565.3627340000000000	1155455712.9728665000000000	105492307.2662311900000000
254.0 10302218394.1584380000000000	1175606796.3984973000000000	106660352.0538777000000000
255.0 10521263555.7655390000000000	1196004256.6863396000000000	107844373.9709800800000000
256.0 10743519780.3106590000000000	1216650173.6047871000000000	109044482.5212417400000000
257.0 10969014929.9857200000000000	1237546628.2502940000000000	110260788.6917892400000000
258.0 11197776997.7006470000000000	1258695703.2521369000000000	111493404.9470094700000000
259.0 11429834105.7342970000000000	1280099482.9725420000000000	112742445.2217703500000000
260.0 11665214504.3858530000000000	1301760053.7020450000000000	114008024.9141542200000000
261.0 11903946570.6290990000000000	1323679503.8499665000000000	115290260.8777329000000000
262.0 12146058806.7715550000000000	1345859924.1299300000000000	116589271.4135254200000000
263.0 12391579839.1202680000000000	1368303407.7403638000000000	117905176.2616809600000000
264.0 12640538416.6562420000000000	1391012050.5399599000000000	119238096.5929727900000000
265.0 12892963409.7187310000000000	1413987951.2180798000000000	120588155.0001296800000000
266.0 13148883808.7010310000000000	1437233211.4601226000000000	121955475.4890985500000000
267.0 13408328722.7589320000000000	1460749936.1078675000000000	123340183.4702473400000000
268.0 13671327378.5331130000000000	1484540233.3148453000000000	124742405.7495561500000000
269.0 13937909118.8862840000000000	1508606214.6967809000000000	126162270.5198538200000000
270.0 14208103401.6562040000000000	1532949995.4771726000000000	127599907.3520853800000000
271.0 14481939798.4251980000000000	1557573694.6280808000000000	129055447.1866907800000000
272.0 14759447993.3071440000000000	1582479435.0062013000000000	130529022.3250534200000000
273.0 15040657781.7521860000000000	1607669343.4843163000000000	132020766.4211110900000000
274.0 15325599069.3700200000000000	1633145551.0782073000000000	133530814.4730734100000000
275.0 15614301870.7721880000000000	1658910193.0691292000000000	135059302.8153166500000000
276.0 15906796308.4334320000000000	1684965409.1219499000000000	136606369.1104367100000000
277.0 16203112611.5729690000000000	1711313343.3990507000000000	138172152.3414793000000000
278.0 16503281115.0555000000000000	1737956144.6700935000000000	139756792.8043448300000000
279.0 16807332258.3123870000000000	1764895966.4177730000000000	141360432.1004010100000000
280.0 17115296584.2830730000000000	1792134966.9396427000000000	142983213.1292784500000000
281.0 17427204738.3768310000000000	1819675309.4461398000000000	144625280.0818707600000000
282.0 17743087467.4551090000000000	1847519162.1549134000000000	146286778.4335277100000000
283.0 18062975618.8340570000000000	1875668698.3815532000000000	147967854.9374767800000000
284.0 18386900139.3077810000000000	1904126096.6268468000000000	149668657.6184096300000000
285.0 18714892074.1918720000000000	1932893540.6606524000000000	151389335.7663135800000000
286.0 19046982566.3871840000000000	1961973219.6025114000000000	153130039.9304842400000000
287.0 19383202855.4639890000000000	1991367327.9990883000000000	154890921.9137465100000000
288.0 19723584276.7660900000000000	2021078065.8985555000000000	156672134.7668848600000000
289.0 20068158260.5350650000000000	2051107638.9220123000000000	158473832.7832559000000000
290.0 20416956331.0540390000000000	2081458258.3320508000000000	160296171.4936217100000000
291.0 20770010105.8111920000000000	2112132141.0985532000000000	162139307.6611661000000000
292.0 21127351294.6827240000000000	2143131509.9618258000000000	164003399.2766962600000000
293.0 21489011699.1348380000000000	2174458593.4931598000000000	165888605.5540492500000000
294.0 21855023211.4447480000000000	2206115626.1529088000000000	167795086.9256727100000000
295.0 22225417813.9403420000000000	2238104848.3461747000000000	169723005.0383920400000000
296.0 22600227578.2583160000000000	2270428506.4761901000000000	171672522.7493608000000000
297.0 22979484664.6205410000000000	2303088852.9954767000000000	173643804.1221730100000000
298.0 23363221321.1283040000000000	2336088146.4548659000000000	175637014.4231637700000000
299.0 23751469883.0741350000000000	2369428651.5504627000000000	177652320.1178676200000000
300.0 24144262772.2711790000000000	2403112639.1686277000000000	179689888.8676362900000000
301.0 24541632496.3995210000000000	2437142386.4290519000000000	181749889.5264330800000000
302.0 24943611648.3693660000000000	2471520176.7260046000000000	183832492.1377609400000000
303.0 25350232905.7008250000000000	2506248299.7678123000000000	185937867.9317662100000000
304.0 25761529029.9197620000000000	2541329051.6146526000000000	188066189.3224705800000000
305.0 26177532865.9697190000000000	2576764734.7147150000000000	190217629.9051617100000000
306.0 26598277341.6395190000000000	2612557657.9388061000000000	192392364.4539160700000000
307.0 27023795467.0062450000000000	2648710136.6134505000000000	194590568.9192609200000000
308.0 27454120333.8931010000000000	2685224492.5525513000000000	196812420.4259772600000000
309.0 27889285115.3423540000000000	2722103054.0876751000000000	199058097.2710202900000000
310.0 28329323065.1026080000000000	2759348156.0970025000000000	201327778.9215748300000000
311.0 28774267517.1303710000000000	2796962140.0330110000000000	203621646.0132293400000000
312.0 29224151885.1056020000000000	2834947353.9489412000000000	205939880.3482745300000000
313.0 29679009661.9607010000000000	2873306152.5240889000000000	208282664.8941104100000000
314.0 30138874419.4232440000000000	2912040897.0879731000000000	210650183.7817686200000000
315.0 30603779807.5715680000000000	2951153955.6434407000000000	213042622.3045531200000000
316.0 31073759554.4032940000000000	2990647702.8887300000000000	215460166.9167710800000000
317.0 31548847465.4164090000000000	3030524520.2385521000000000	217903005.2325803600000000
318.0 32029077423.2026060000000000	3070786795.8442311000000000	220371326.0249319700000000
319.0 32514483387.0528070000000000	3111436924.6129327000000000	222865319.2246099400000000
320.0 33005099392.5743680000000000	3152477308.2260299000000000	225385175.9193657300000000
321.0 33500959551.3199010000000000	3193910355.1566434000000000	227931088.3531447400000000
322.0 34002098050.4272650000000000	3235738480.6863780000000000	230503249.9254024600000000
323.0 34508549152.2707210000000000	3277964106.9213104000000000	233101855.1905069100000000
324.0 35020347194.1229170000000000	3320589662.8072424000000000	235727099.8572226500000000
325.0 35537526587.8273390000000000	3363617584.1442623000000000	238379180.7882772400000000
326.0 36060121819.4810180000000000	3407050313.6006403000000000	241058296.0000101000000000
327.0 36588167449.1276700000000000	3450890300.7260880000000000	243764644.6620916100000000
328.0 37121698110.4603580000000000	3495140001.9644122000000000	246498427.0973198400000000
329.0 37660748510.5339660000000000	3539801880.6655822000000000	249259844.7814910700000000
330.0 38205353429.4870830000000000	3584878407.0972443000000000	252049100.3433363400000000
331.0 38755547720.2732240000000000	3630372058.4557028000000000	254866397.5645284700000000
332.0 39311366308.4009250000000000	3676285318.8764019000000000	257711941.3797491800000000
333.0 39872844191.6825710000000000	3722620679.4439096000000000	260585937.8768335900000000
334.0 40440016439.9920580000000000	3769380638.2014470000000000	263488594.2969574900000000
335.0 41012918195.0308840000000000	3816567700.1599727000000000	266420119.0348997700000000
336.0 41591584670.1020510000000000	3864184377.3068447000000000	269380721.6393543500000000
337.0 42176051149.8925400000000000	3912233188.6140742000000000	272370612.8133048400000000
338.0 42766352990.2630770000000000	3960716660.0462060000000000	275390004.4144467700000000
339.0 43362525618.0462270000000000	4009637324.5678115000000000	278439109.4556706000000000
340.0 43964604530.8511200000000000	4058997722.1506505000000000	281518142.1055861700000000
341.0 44572625296.8763730000000000	4108800399.7804847000000000	284627317.6891101600000000
342.0 45186623554.7292860000000000	4159047911.4635725000000000	287766852.6880867500000000
343.0 45806635013.2528530000000000	4209742818.2328668000000000	290936964.7419680400000000
344.0 46432695451.3587270000000000	4260887688.1539059000000000	294137872.6485313800000000
345.0 47064840717.8674770000000000	4312485096.3304424000000000	297369796.3646484600000000
346.0 47703106731.3550420000000000	4364537624.9097996000000000	300632957.0070877700000000
347.0 48347529480.0055080000000000	4417047863.0879688000000000	303927576.8533652400000000
348.0 48998145021.4700780000000000	4470018407.1144753000000000	307253879.3426334900000000
349.0 49654989482.7320630000000000	4523451860.2970095000000000	310612089.0766081200000000
350.0 50318099059.9778290000000000	4577350833.0058393000000000	314002431.8205402500000000
351.0 50987510018.4733580000000000	4631717942.6780090000000000	317425134.5042074900000000
352.0 51663258692.4464340000000000	4686555813.8213501000000000	320880425.2229605900000000
353.0 52345381484.9743880000000000	4741867078.0182819000000000	324368533.2387913500000000
354.0 53033914867.8770520000000000	4797654373.9294519000000000	327889688.9814446600000000
355.0 53728895381.6150280000000000	4853920347.2971897000000000	331444124.0495456500000000
356.0 54430359635.1926960000000000	4910667650.9488058000000000	335032071.2117822200000000
357.0 55138344306.0667270000000000	4967898944.7997189000000000	338653764.4080947000000000
358.0 55852886140.0589680000000000	5025616895.8564482000000000	342309438.7509124300000000
359.0 56574021951.2740330000000000	5083824178.2194548000000000	345999330.5264107000000000
360.0 57301788622.0218510000000000	5142523473.0858479000000000	349723677.1957936900000000
361.0 58036223102.7443540000000000	5201717468.7519751000000000	353482717.3966121700000000
362.0 58777362411.9464340000000000	5261408860.6158581000000000	357276690.9441030000000000
363.0 59525243636.1314850000000000	5321600351.1795425000000000	361105838.8325498700000000
364.0 60279903929.7408680000000000	5382294650.0513239000000000	364970403.2366783000000000
365.0 61041380515.0975570000000000	5443494473.9478569000000000	368870627.5130670700000000
366.0 61809710682.3533860000000000	5505202546.6961870000000000	372806756.2015820100000000
367.0 62584931789.4405140000000000	5567421599.2356548000000000	376779035.0268421200000000
368.0 63367081262.0264660000000000	5630154369.6197405000000000	380787710.8996931300000000
369.0 64156196593.4726330000000000	5693403603.0177927000000000	384833031.9187179800000000
370.0 64952315344.7967220000000000	5757172051.7166891000000000	388915247.3717510100000000
371.0 65755475144.6382140000000000	5821462475.1224203000000000	393034607.7374307500000000
372.0 66565713689.2274170000000000	5886277639.7615814000000000	397191364.6867542900000000
373.0 67383068742.3578340000000000	5951620319.2828112000000000	401385771.0846571300000000
374.0 68207578135.3615340000000000	6017493294.4581480000000000	405618080.9916253100000000
375.0 69039279767.0876310000000000	6083899353.1843290000000000	409888549.6652964400000000
376.0 69878211603.8840940000000000	6150841290.4840240000000000	414197433.5621047600000000
377.0 70724411679.5821380000000000	6218321908.5070076000000000	418544990.3389260800000000
378.0 71577918095.4833530000000000	6286344016.5312843000000000	422931478.8547483700000000
379.0 72438769020.3503880000000000	6354910430.9641390000000000	427357159.1723521900000000
380.0 73307002690.3990780000000000	6424023975.3431721000000000	431822292.5600098400000000
381.0 74182657409.2945710000000000	6493687480.3372526000000000	436327141.4931975600000000
382.0 75065771548.1489560000000000	6563903783.7474298000000000	440871969.6563234300000000
383.0 75956383545.5219730000000000	6634675730.5078268000000000	445457041.9444640300000000
384.0 76854531907.4236300000000000	6706006172.6864634000000000	450082624.4651250200000000
385.0 77760255207.3199920000000000	6777897969.4860477000000000	454748984.5400052700000000
386.0 78673592086.1400300000000000	6850353987.2447367000000000	459456390.7067752500000000
387.0 79594581252.2861790000000000	6923377099.4368582000000000	464205112.7208724600000000
388.0 80523261481.6455380000000000	6996970186.6735945000000000	468995421.5573043200000000
389.0 81459671617.6043550000000000	7071136136.7036295000000000	473827589.4124651000000000
390.0 82403850571.0636900000000000	7145877844.4137745000000000	478701889.7059626000000000
391.0 83355837320.4577180000000000	7221198211.8295736000000000	483618597.0824552800000000
392.0 84315670911.7735900000000000	7297100148.1158409000000000	488577987.4135013800000000
393.0 85283390458.5728300000000000	7373586569.5772238000000000	493580337.7994205400000000
394.0 86259035142.0156250000000000	7450660399.6587029000000000	498625926.5711573400000000
395.0 87242644210.8852690000000000	7528324568.9460793000000000	503715033.2921643300000000
396.0 88234256981.6159060000000000	7606582015.1664486000000000	508847938.7602902100000000
397.0 89233912838.3206790000000000	7685435683.1886311000000000	514024925.0096730000000000
398.0 90241651232.8221890000000000	7764888525.0236073000000000	519246275.3126480600000000
399.0 91257511684.6840670000000000	7844943499.8249111000000000	524512274.1816657800000000
400.0 92281533781.2445070000000000	7925603573.8890190000000000	529823207.3712074200000000
401.0 93313757177.6506810000000000	8006871720.6557150000000000	535179361.8797236700000000
402.0 94354221596.8950650000000000	8088750920.7084341000000000	540581025.9515638400000000
403.0 95402966829.8526000000000000	8171244161.7746038000000000	546028489.0789321700000000
404.0 96460032735.3197480000000000	8254354438.7259521000000000	551522042.0038325800000000
405.0 97525459240.0542600000000000	8338084753.5788212000000000	557061976.7200363900000000
406.0 98599286338.8164670000000000	8422438115.4944410000000000	562648586.4750459200000000
407.0 99681554094.4117740000000000	8507417540.7792206000000000	568282165.7720656400000000
408.0 100772302637.7341000000000000	8593026052.8849964000000000	573963010.3719916300000000
409.0 101871572167.8104900000000000	8679266682.4092941000000000	579691417.2953901300000000
410.0 102979402951.8469400000000000	8766142467.0955563000000000	585467684.8244936500000000
411.0 104095835325.2750700000000000	8853656451.8333893000000000	591292112.5052011000000000
412.0 105220909691.7997700000000000	8941811688.6587505000000000	597165001.1490773000000000
413.0 106354666523.4480000000000000	9030611236.7541924000000000	603086652.8353738800000000
414.0 107497146360.6181000000000000	9120058162.4490337000000000	609057370.9130302700000000
415.0 108648389812.1304000000000000	9210155539.2195587000000000	615077460.0027080800000000
416.0 109808437555.2787500000000000	9300906447.6892071000000000	621147225.9988071900000000
417.0 110977330335.8820500000000000	9392313975.6287251000000000	627266976.0715000600000000
418.0 112155108968.3376000000000000	9484381217.9563503000000000	633437018.6687688800000000
419.0 113341814335.6748400000000000	9577111276.7379684000000000	639657663.5184371500000000
420.0 114537487389.6088400000000000	9670507261.1872540000000000	645929221.6302303100000000
421.0 115742169150.5966200000000000	9764572287.6658154000000000	652252005.2978038800000000
422.0 116955900707.8917800000000000	9859309479.6833496000000000	658626328.1008124400000000
423.0 118178723219.6013600000000000	9954721967.8977470000000000	665052504.9069566700000000
424.0 119410677912.7424500000000000	10050812890.1152500000000000	671530851.8740526400000000
425.0 120651806083.3001100000000000	10147585391.2905390000000000	678061686.4520828700000000
426.0 121902149096.2851000000000000	10245042623.5268780000000000	684645327.3852784600000000
427.0 123161748385.7924200000000000	10343187746.0762140000000000	691282094.7141815400000000
428.0 124430645455.0606100000000000	10442023925.3392680000000000	697972309.7777240300000000
429.0 125708881876.5312500000000000	10541554334.8656670000000000	704716295.2153016300000000
430.0 126996499291.9085200000000000	10641782155.3540100000000000	711514374.9688605100000000
431.0 128293539412.2204300000000000	10742710574.6519870000000000	718366874.2849761200000000
432.0 129600044017.8788000000000000	10844342787.7564470000000000	725274119.7169463600000000
433.0 130916054958.7412700000000000	10946681996.8135010000000000	732236439.1268723000000000
434.0 132241614154.1718100000000000	11049731411.1185950000000000	739254161.6877602300000000
435.0 133576763593.1036400000000000	11153494247.1165850000000000	746327617.8856147500000000
436.0 134921545334.1009500000000000	11257973728.4018140000000000	753457139.5215314600000000
437.0 136276001505.4213600000000000	11363173085.7182040000000000	760643059.7138018600000000
438.0 137640174305.0788300000000000	11469095556.9592910000000000	767885712.9000163100000000
439.0 139014106000.9067400000000000	11575744387.1683120000000000	775185434.8391656900000000
440.0 140397838930.6208500000000000	11683122828.5382670000000000	782542562.6137528400000000
441.0 141791415501.8831500000000000	11791234140.4119950000000000	789957434.6318962600000000
442.0 143194878192.3653600000000000	11900081589.2821920000000000	797430390.6294461500000000
443.0 144608269549.8129000000000000	12009668448.7915080000000000	804961771.6720962500000000
444.0 146031632192.1088300000000000	12119997999.7325820000000000	812551920.1574951400000000
445.0 147465008807.3380400000000000	12231073530.0481000000000000	820201179.8173694600000000
446.0 148908442153.8517200000000000	12342898334.8308430000000000	827909895.7196366800000000
447.0 150361975060.3312700000000000	12455475716.3237340000000000	835678414.2705279600000000
448.0 151825650425.8539400000000000	12568808983.9198910000000000	843507083.2167086600000000
449.0 153299511219.9563000000000000	12682901454.1626700000000000	851396251.6474037200000000
450.0 154783600482.6994600000000000	12797756450.7456890000000000	859346269.9965190900000000
451.0 156277961324.7338900000000000	12913377304.5129110000000000	867357490.0447679800000000
452.0 157782636927.3641700000000000	13029767353.4586390000000000	875430264.9218031200000000
453.0 159297670542.6138000000000000	13146929942.7275810000000000	883564949.1083339500000000
454.0 160823105493.2899200000000000	13264868424.6148850000000000	891761898.4382729500000000
455.0 162358985173.0485200000000000	13383586158.5661660000000000	900021470.1008504600000000
456.0 163905353046.4590500000000000	13503086511.1775360000000000	908344022.6427527700000000
457.0 165462252649.0692700000000000	13623372856.1956670000000000	916729915.9702601400000000
458.0 167029727587.4702500000000000	13744448574.5177820000000000	925179511.3513716500000000
459.0 168607821539.3609000000000000	13866317054.1917170000000000	933693171.4179449100000000
460.0 170196578253.6130100000000000	13988981690.4159340000000000	942271260.1678309400000000
461.0 171796041550.3356300000000000	14112445885.5395550000000000	950914142.9670102600000000
462.0 173406255320.9398200000000000	14236713049.0624010000000000	959622186.5517288400000000
463.0 175027263528.2030900000000000	14361786597.6349960000000000	968395759.0306372600000000
464.0 176659110206.3340500000000000	14487669955.0586070000000000	977235229.8869313000000000
465.0 178301839461.0362900000000000	14614366552.2852710000000000	986140969.9804869900000000
466.0 179955495469.5731800000000000	14741879827.4178120000000000	995113351.5499974500000000
467.0 181620122480.8313000000000000	14870213225.7098710000000000	1004152748.2151250000000000
468.0 183295764815.3850100000000000	14999370199.5659280000000000	1013259534.9786308000000000
469.0 184982466865.5601800000000000	15129354208.5413070000000000	1022434088.2285154000000000
470.0 186680273095.4971300000000000	15260168719.3422320000000000	1031676785.7401714000000000
471.0 188389228041.2154800000000000	15391817205.8258110000000000	1040988006.6785120000000000
472.0 190109376310.6764200000000000	15524303149.0000740000000000	1050368131.6001221000000000
473.0 191840762583.8464700000000000	15657630037.0240060000000000	1059817542.4553965000000000
474.0 193583431612.7604100000000000	15791801365.2075250000000000	1069336622.5906880000000000
475.0 195337428221.5838000000000000	15926820636.0115390000000000	1078925756.7504385000000000
476.0 197102797306.6767000000000000	16062691359.0479530000000000	1088585331.0793321000000000
477.0 198879583836.6543900000000000	16199417051.0796700000000000	1098315733.1244433000000000
478.0 200667832852.4514500000000000	16337001236.0206300000000000	1108117351.8373652000000000
479.0 202467589467.3829000000000000	16475447444.9358140000000000	1117990577.5763628000000000
480.0 204278898867.2061500000000000	16614759216.0412480000000000	1127935802.1085124000000000
481.0 206101806310.1825300000000000	16754940094.7040500000000000	1137953418.6118510000000000
482.0 207936357127.1393700000000000	16895993633.4424100000000000	1148043821.6775148000000000
483.0 209782596721.5303000000000000	17037923391.9256340000000000	1158207407.3118787000000000
484.0 211640570569.4968900000000000	17180732936.9741210000000000	1168444572.9387102000000000
485.0 213510324219.9289200000000000	17324425842.5594290000000000	1178755717.4013054000000000
486.0 215391903294.5253300000000000	17469005689.8042220000000000	1189141240.9646337000000000
487.0 217285353487.8540300000000000	17614476066.9823490000000000	1199601545.3174777000000000
488.0 219190720567.4119900000000000	17760840569.5188030000000000	1210137033.5745838000000000
489.0 221108050373.6852700000000000	17908102799.9897610000000000	1220748110.2787983000000000
490.0 223037388820.2080400000000000	18056266368.1226010000000000	1231435181.4032071000000000
491.0 224978781893.6221900000000000	18205334890.7958790000000000	1242198654.3532887000000000
492.0 226932275653.7357800000000000	18355311992.0393790000000000	1253038937.9690464000000000
493.0 228897916233.5825200000000000	18506201303.0341030000000000	1263956442.5271490000000000
494.0 230875749839.4791300000000000	18658006462.1122740000000000	1274951579.7430842000000000
495.0 232865822751.0844400000000000	18810731114.7573740000000000	1286024762.7732840000000000
496.0 234868181321.4564200000000000	18964378913.6041220000000000	1297176406.2172740000000000
497.0 236882871977.1105300000000000	19118953518.4384960000000000	1308406926.1198134000000000
498.0 238909941218.0763200000000000	19274458596.1977620000000000	1319716739.9730272000000000
499.0 240949435617.9545600000000000	19430897820.9704440000000000	1331106266.7185631000000000
500.0 243001401823.9743000000000000	19588274873.9963570000000000	1342575926.7497039000000000
501.0 245065886557.0490400000000000	19746593443.6666220000000000	1354126141.9135280000000000
502.0 247142936611.8325800000000000	19905857225.5236590000000000	1365757335.5130386000000000
503.0 249232598856.7750900000000000	20066069922.2611920000000000	1377469932.3093040000000000
504.0 251334920234.1790500000000000	20227235243.7242700000000000	1389264358.5235879000000000
505.0 253449947760.2534200000000000	20389356906.9092600000000000	1401141041.8394926000000000
506.0 255577728525.1694900000000000	20552438635.9638900000000000	1413100411.4050882000000000
507.0 257718309693.1150200000000000	20716484162.1871910000000000	1425142897.8350601000000000
508.0 259871738502.3486000000000000	20881497224.0295750000000000	1437268933.2128253000000000
509.0 262038062265.2538500000000000	21047481567.0927810000000000	1449478951.0926838000000000
510.0 264217328368.3926100000000000	21214440944.1299320000000000	1461773386.5019419000000000
511.0 266409584272.5589000000000000	21382379115.0455170000000000	1474152675.9430404000000000
512.0 268614877512.8316000000000000	21551299846.8953670000000000	1486617257.3957047000000000
513.0 270833255698.6274400000000000	21721206913.8867450000000000	1499167570.3190577000000000
514.0 273064766513.7526900000000000	21892104097.3782580000000000	1511804055.6537580000000000
515.0 275309457716.4566000000000000	22063995185.8799100000000000	1524527155.8241324000000000
516.0 277567377139.4819300000000000	22236883975.0531270000000000	1537337314.7403021000000000
517.0 279838572690.1171300000000000	22410774267.7107120000000000	1550234977.8003032000000000
518.0 282123092350.2471900000000000	22585669873.8168950000000000	1563220591.8922350000000000
519.0 284420984176.4046000000000000	22761574610.4872930000000000	1576294605.3963687000000000
520.0 286732296299.8201900000000000	22938492301.9889720000000000	1589457468.1872759000000000
521.0 289057076926.4726000000000000	23116426779.7403950000000000	1602709631.6359625000000000
522.0 291395374337.1386700000000000	23295381882.3114700000000000	1616051548.6119924000000000
523.0 293747236887.4430500000000000	23475361455.4235190000000000	1629483673.4855974000000000
524.0 296112713007.9072300000000000	23656369351.9493290000000000	1643006462.1298196000000000
525.0 298491851203.9986600000000000	23838409431.9131010000000000	1656620371.9226203000000000
526.0 300884700056.1787100000000000	24021485562.4905050000000000	1670325861.7490094000000000
527.0 303291308219.9522100000000000	24205601618.0086170000000000	1684123392.0031607000000000
528.0 305711724425.9143700000000000	24390761479.9460260000000000	1698013424.5905330000000000
529.0 308145997479.7984600000000000	24576969036.9327350000000000	1711996422.9299910000000000
530.0 310594176262.5238600000000000	24764228184.7502250000000000	1726072851.9559209000000000
531.0 313056309730.2423100000000000	24952542826.3314480000000000	1740243178.1203516000000000
532.0 315532446914.3849500000000000	25141916871.7608030000000000	1754507869.3950620000000000
533.0 318022636921.7085000000000000	25332354238.2741850000000000	1768867395.2737091000000000
534.0 320526928934.3418600000000000	25523858850.2589450000000000	1783322226.7739325000000000
535.0 323045372209.8308100000000000	25716434639.2539220000000000	1797872836.4394705000000000
536.0 325578016081.1842000000000000	25910085543.9494480000000000	1812519698.3422794000000000
537.0 328124909956.9194900000000000	26104815510.1873250000000000	1827263288.0846310000000000
538.0 330686103321.1058300000000000	26300628490.9608420000000000	1842104082.8012359000000000
539.0 333261645733.4102200000000000	26497528446.4147950000000000	1857042561.1613488000000000
540.0 335851586829.1408700000000000	26695519343.8454550000000000	1872079203.3708794000000000
541.0 338455976319.2908300000000000	26894605157.7006150000000000	1887214491.1745000000000000
542.0 341074863990.5824000000000000	27094789869.5795360000000000	1902448907.8577414000000000
543.0 343708299705.5093400000000000	27296077468.2330090000000000	1917782938.2491202000000000
544.0 346356333402.3800700000000000	27498471949.5633240000000000	1933217068.7222235000000000
545.0 349019015095.3607800000000000	27701977316.6242710000000000	1948751787.1978302000000000
546.0 351696394874.5167200000000000	27906597579.6211430000000000	1964387583.1459954000000000
547.0 354388522905.8549200000000000	28112336755.9107820000000000	1980124947.5881662000000000
548.0 357095449431.3655400000000000	28319198870.0014950000000000	1995964373.0992825000000000
549.0 359817224769.0632300000000000	28527187953.5531460000000000	2011906353.8098631000000000
550.0 362553899313.0281400000000000	28736308045.3770980000000000	2027951385.4081278000000000
551.0 365305523533.4465300000000000	28946563191.4362490000000000	2044099965.1420720000000000
552.0 368072147976.6516700000000000	29157957444.8450010000000000	2060352591.8215737000000000
553.0 370853823265.1629600000000000	29370494865.8693050000000000	2076709765.8204961000000000
554.0 373650600097.7271100000000000	29584179521.9266240000000000	2093171989.0787642000000000
555.0 376462529249.3559600000000000	29799015487.5859490000000000	2109739765.1044827000000000
556.0 379289661571.3676100000000000	30015006844.5678220000000000	2126413598.9760005000000000
557.0 382132047991.4234600000000000	30232157681.7442970000000000	2143193997.3440330000000000
558.0 384989739513.5681800000000000	30450472095.1389620000000000	2160081468.4337234000000000
559.0 387862787218.2670300000000000	30669954187.9269600000000000	2177076522.0467548000000000
560.0 390751242262.4450100000000000	30890608070.4349590000000000	2194179669.5634160000000000
561.0 393655155879.5230700000000000	31112437860.1411670000000000	2211391423.9447236000000000
562.0 396574579379.4569700000000000	31335447681.6753390000000000	2228712299.7344632000000000
563.0 399509564148.7737400000000000	31559641666.8187710000000000	2246142813.0613122000000000
564.0 402460161650.6081500000000000	31785023954.5042990000000000	2263683481.6409001000000000
565.0 405426423424.7399300000000000	32011598690.8163030000000000	2281334824.7779131000000000
566.0 408408401087.6298800000000000	32239370028.9907070000000000	2299097363.3681469000000000
567.0 411406146332.4555700000000000	32468342129.4150120000000000	2316971619.9006143000000000
568.0 414419710929.1475200000000000	32698519159.6282310000000000	2334958118.4596095000000000
569.0 417449146724.4235200000000000	32929905294.3209460000000000	2353057384.7267923000000000
570.0 420494505641.8252600000000000	33162504715.3352890000000000	2371269945.9832668000000000
571.0 423555839681.7519500000000000	33396321611.6649400000000000	2389596331.1116447000000000
572.0 426633200921.4956100000000000	33631360179.4551430000000000	2408037070.5981421000000000
573.0 429726641515.2748400000000000	33867624622.0026780000000000	2426592696.5346336000000000
574.0 432836213694.2692300000000000	34105119149.7559010000000000	2445263742.6207337000000000
575.0 435961969766.6530800000000000	34343847980.3147160000000000	2464050744.1658726000000000
576.0 439103962117.6282300000000000	34583815338.4305800000000000	2482954238.0913525000000000
577.0 442262243209.4579500000000000	34825025456.0065230000000000	2501974762.9324312000000000
578.0 445436865581.4996300000000000	35067482572.0971220000000000	2521112858.8403912000000000
579.0 448627881850.2378500000000000	35311190932.9085240000000000	2540369067.5845823000000000
580.0 451835344709.3152500000000000	35556154791.7984160000000000	2559743932.5545244000000000
581.0 455059306929.5665300000000000	35802378409.2760930000000000	2579237998.7619400000000000
582.0 458299821359.0490100000000000	36049866053.0023500000000000	2598851812.8428378000000000
583.0 461556940923.0749500000000000	36298621997.7896040000000000	2618585923.0595660000000000
584.0 464830718624.2428000000000000	36548650525.6017840000000000	2638440879.3028736000000000
585.0 468121207542.4674100000000000	36799955925.5544430000000000	2658417233.0939727000000000
586.0 471428460835.0117800000000000	37052542493.9146270000000000	2678515537.5865970000000000
587.0 474752531736.5174000000000000	37306414534.1010130000000000	2698736347.5690613000000000
588.0 478093473559.0340000000000000	37561576356.6838230000000000	2719080219.4663091000000000
589.0 481451339692.0507800000000000	37818032279.3848190000000000	2739547711.3419790000000000
590.0 484826183602.5242300000000000	38075786627.0773700000000000	2760139382.9004593000000000
591.0 488218058834.9101600000000000	38334843731.7863920000000000	2780855795.4889240000000000
592.0 491627019011.1908000000000000	38595207932.6883700000000000	2801697512.0994048000000000
593.0 495053117830.9052100000000000	38856883576.1113510000000000	2822665097.3708243000000000
594.0 498496409071.1767000000000000	39119875015.5349810000000000	2843759117.5910664000000000
595.0 501956946586.7436500000000000	39384186611.5904540000000000	2864980140.6989980000000000
596.0 505434784309.9851100000000000	39649822732.0605390000000000	2886328736.2865381000000000
597.0 508929976250.9508100000000000	39916787751.8795470000000000	2907805475.6006970000000000
598.0 512442576497.3881800000000000	40185086053.1334000000000000	2929410931.5456095000000000
599.0 515972639214.7703200000000000	40454722025.0595860000000000	2951145678.6845903000000000
600.0 519520218646.3225100000000000	40725700064.0471500000000000	2973010293.2421832000000000
601.0 523085369113.0506600000000000	40998024573.6367030000000000	2995005353.1061778000000000
602.0 526668145013.7669700000000000	41271699964.5204320000000000	3017131437.8296685000000000
603.0 530268600825.1172500000000000	41546730654.5421070000000000	3039389128.6330891000000000
604.0 533886791101.6073600000000000	41823121068.6970830000000000	3061779008.4062490000000000
605.0 537522770475.6286000000000000	42100875639.1322330000000000	3084301661.7103682000000000
606.0 541176593657.4852300000000000	42379998805.1460570000000000	3106957674.7801056000000000
607.0 544848315435.4181500000000000	42660495013.1885990000000000	3129747635.5256119000000000
608.0 548537990675.6324500000000000	42942368716.8615040000000000	3152672133.5345359000000000
609.0 552245674322.3212900000000000	43225624376.9179310000000000	3175731760.0740814000000000
610.0 555971421397.6915300000000000	43510266461.2626880000000000	3198927108.0930166000000000
611.0 559715287001.9885300000000000	43796299444.9521030000000000	3222258772.2237201000000000
612.0 563477326313.5211200000000000	44083727810.1940840000000000	3245727348.7841845000000000
613.0 567257594588.6850600000000000	44372556046.3481290000000000	3269333435.7800698000000000
614.0 571056147161.9886500000000000	44662788649.9252930000000000	3293077632.9067082000000000
615.0 574873039446.0753200000000000	44954430124.5882190000000000	3316960541.5511413000000000
616.0 578708326931.7478000000000000	45247484981.1510930000000000	3340982764.7941427000000000
617.0 582562065187.9930400000000000	45541957737.5797200000000000	3365144907.4122167000000000
618.0 586434309862.0033000000000000	45837852918.9914470000000000	3389447575.8796430000000000
619.0 590325116679.2014200000000000	46135175057.6551740000000000	3413891378.3704929000000000
620.0 594234541443.2619600000000000	46433928692.9914250000000000	3438476924.7606368000000000
621.0 598162640036.1353800000000000	46734118371.5722660000000000	3463204826.6297641000000000
622.0 602109468418.0701900000000000	47035748647.1213070000000000	3488075697.2633991000000000
623.0 606075082627.6346400000000000	47338824080.5138170000000000	3513090151.6549215000000000
624.0 610059538781.7398700000000000	47643349239.7765430000000000	3538248806.5075674000000000
625.0 614062893075.6608900000000000	47949328700.0878450000000000	3563552280.2364454000000000
626.0 618085201783.0595700000000000	48256767043.7776570000000000	3589001192.9705520000000000
627.0 622126521256.0046400000000000	48565668860.3274840000000000	3614596166.5547724000000000
628.0 626186907924.9943800000000000	48876038746.3704070000000000	3640337824.5518904000000000
629.0 630266418298.9769300000000000	49187881305.6910630000000000	3666226792.2446022000000000
630.0 634365108965.3725600000000000	49501201149.2256620000000000	3692263696.6375084000000000
631.0 638483036590.0926500000000000	49816002895.0619890000000000	3718449166.4591341000000000
632.0 642620257917.5611600000000000	50132291168.4394230000000000	3744783832.1639066000000000
633.0 646776829770.7359600000000000	50450070601.7488560000000000	3771268325.9341927000000000
634.0 650952809051.1274400000000000	50769345834.5327990000000000	3797903281.6822634000000000
635.0 655148252738.8197000000000000	51090121513.4853360000000000	3824689335.0523210000000000
636.0 659363217892.4906000000000000	51412402292.4520800000000000	3851627123.4224687000000000
637.0 663597761649.4300500000000000	51736192832.4302440000000000	3878717285.9067378000000000
638.0 667851941225.5609100000000000	52061497801.5686190000000000	3905960463.3570628000000000
639.0 672125813915.4582500000000000	52388321875.1675260000000000	3933357298.3652735000000000
640.0 676419437092.3675500000000000	52716669735.6788940000000000	3960908435.2651072000000000
641.0 680732868208.2247300000000000	53046546072.7062000000000000	3988614520.1341729000000000
642.0 685066164793.6739500000000000	53377955583.0044940000000000	4016476200.7959685000000000
643.0 689419384458.0878900000000000	53710902970.4803920000000000	4044494126.8218493000000000
644.0 693792584889.5845900000000000	54045392946.1920700000000000	4072668949.5330338000000000
645.0 698185823855.0461400000000000	54381430228.3492890000000000	4101001322.0025682000000000
646.0 702599159200.1377000000000000	54719019542.3133470000000000	4129491899.0573258000000000
647.0 707032648849.3243400000000000	55058165620.5971530000000000	4158141337.2799973000000000
648.0 711486350805.8894000000000000	55398873202.8651580000000000	4186950295.0110588000000000
649.0 715960323151.9530000000000000	55741147035.9333500000000000	4215919432.3507547000000000
650.0 720454624048.4874300000000000	56084991873.7693410000000000	4245049411.1610937000000000
651.0 724969311735.3367900000000000	56430412477.4922560000000000	4274340895.0678077000000000
652.0 729504444531.2324200000000000	56777413615.3727950000000000	4303794549.4623461000000000
653.0 734060080833.8106700000000000	57126000062.8332440000000000	4333411041.5038366000000000
654.0 738636279119.6297600000000000	57476176602.4474560000000000	4363191040.1210728000000000
655.0 743233097944.1868900000000000	57827948023.9408260000000000	4393135216.0144796000000000
656.0 747850595941.9333500000000000	58181319124.1903150000000000	4423244241.6581011000000000
657.0 752488831826.2928500000000000	58536294707.2244490000000000	4453518791.3015471000000000
658.0 757147864389.6766400000000000	58892879584.2232970000000000	4483959540.9719906000000000
659.0 761827752503.4989000000000000	59251078573.5185320000000000	4514567168.4761095000000000
660.0 766528555118.1940900000000000	59610896500.5933760000000000	4545342353.4020758000000000
661.0 771250331263.2329100000000000	59972338198.0825650000000000	4576285777.1215200000000000
662.0 775993140047.1363500000000000	60335408505.7724530000000000	4607398122.7914810000000000
663.0 780757040657.4926800000000000	60700112270.6009450000000000	4638680075.3563795000000000
664.0 785542092360.9720500000000000	61066454346.6574860000000000	4670132321.5499897000000000
665.0 790348354503.3413100000000000	61434439595.1830830000000000	4701755549.8973818000000000
666.0 795175886509.4810800000000000	61804072884.5702970000000000	4733550450.7169037000000000
667.0 800024747883.3980700000000000	62175359090.3632660000000000	4765517716.1221161000000000
668.0 804894998208.2418200000000000	62548303095.2576900000000000	4797658040.0237694000000000
669.0 809786697146.3183600000000000	62922909789.1007840000000000	4829972118.1317587000000000
670.0 814699904439.1051000000000000	63299184068.8913800000000000	4862460647.9570570000000000
671.0 819634679907.2656200000000000	63677130838.7798080000000000	4895124328.8137007000000000
672.0 824591083450.6624800000000000	64056755010.0680080000000000	4927963861.8207216000000000
673.0 829569175048.3735400000000000	64438061501.2094270000000000	4960979949.9041052000000000
674.0 834569014758.7039800000000000	64821055237.8090820000000000	4994173297.7987347000000000
675.0 839590662719.2015400000000000	65205741152.6235890000000000	5027544612.0503511000000000
676.0 844634179146.6683300000000000	65592124185.5610580000000000	5061094601.0174961000000000
677.0 849699624337.1783400000000000	65980209283.6811600000000000	5094823974.8734426000000000
678.0 854787058666.0858200000000000	66370001401.1951450000000000	5128733445.6081781000000000
679.0 859896542588.0418700000000000	66761505499.4658360000000000	5162823727.0302992000000000
680.0 865028136637.0080600000000000	67154726547.0075230000000000	5197095534.7689877000000000
681.0 870181901426.2674600000000000	67549669519.4861220000000000	5231549586.2759600000000000
682.0 875357897648.4383500000000000	67946339399.7191010000000000	5266186600.8273697000000000
683.0 880556186075.4879200000000000	68344741177.6754230000000000	5301007299.5257788000000000
684.0 885776827558.7443800000000000	68744879850.4756620000000000	5336012405.3020802000000000
685.0 891019883028.9091800000000000	69146760422.3919220000000000	5371202642.9174442000000000
686.0 896285413496.0703100000000000	69550387904.8478240000000000	5406578738.9652367000000000
687.0 901573480049.7143600000000000	69955767316.4185640000000000	5442141421.8729744000000000
688.0 906884143858.7381600000000000	70362903682.8309170000000000	5477891421.9042444000000000
689.0 912217466171.4616700000000000	70771802036.9631200000000000	5513829471.1606445000000000
690.0 917573508315.6411100000000000	71182467418.8450780000000000	5549956303.5836868000000000
691.0 922952331698.4776600000000000	71594904875.6581270000000000	5586272654.9567728000000000
692.0 928353997806.6319600000000000	72009119461.7351990000000000	5622779262.9070759000000000
693.0 933778568206.2359600000000000	72425116238.5607910000000000	5659476866.9074984000000000
694.0 939226104542.9017300000000000	72842900274.7709200000000000	5696366208.2785778000000000
695.0 944696668541.7368200000000000	73262476646.1531520000000000	5733448030.1904278000000000
696.0 950190322007.3524200000000000	73683850435.6466060000000000	5770723077.6646414000000000
697.0 955707126823.8758500000000000	74107026733.3418880000000000	5808192097.5762224000000000
698.0 961247144954.9614300000000000	74532010636.4812620000000000	5845855838.6555195000000000
699.0 966810438443.8028600000000000	74958807249.4584500000000000	5883715051.4901218000000000
700.0 972397069413.1425800000000000	75387421683.8186950000000000	5921770488.5267725000000000
701.0 978007100065.2819800000000000	75817859058.2588350000000000	5960022904.0733271000000000
702.0 983640592682.0949700000000000	76250124498.6272740000000000	5998473054.3006172000000000
703.0 989297609625.0354000000000000	76684223137.9238740000000000	6037121697.2444000000000000
704.0 994978213335.1500200000000000	77120160116.3001250000000000	6075969592.8072491000000000
705.0 1000682466333.0876000000000000	77557940581.0589600000000000	6115017502.7604837000000000
706.0 1006410431219.1096000000000000	77997569686.6549070000000000	6154266190.7460718000000000
707.0 1012162170673.1003000000000000	78439052594.6940460000000000	6193716422.2785311000000000
708.0 1017937747454.5773000000000000	78882394473.9340060000000000	6233368964.7468414000000000
709.0 1023737224402.7015000000000000	79327600500.2838590000000000	6273224587.4163618000000000
710.0 1029560664436.2859000000000000	79774675856.8043210000000000	6313284061.4307232000000000
711.0 1035408130553.8080000000000000	80223625733.7076260000000000	6353548159.8137360000000000
712.0 1041279685833.4159000000000000	80674455328.3574370000000000	6394017657.4713001000000000
713.0 1047175393432.9418000000000000	81127169845.2691040000000000	6434693331.1932878000000000
714.0 1053095316589.9089000000000000	81581774496.1094510000000000	6475575959.6554642000000000
715.0 1059039518621.5420000000000000	82038274499.6967470000000000	6516666323.4213829000000000
716.0 1065008062924.7758000000000000	82496675082.0009770000000000	6557965204.9442616000000000
717.0 1071001012976.2668000000000000	82956981476.1434780000000000	6599473388.5689144000000000
718.0 1077018432332.3989000000000000	83419198922.3972470000000000	6641191660.5336275000000000
719.0 1083060384629.2953000000000000	83883332668.1867370000000000	6683120808.9720325000000000
720.0 1089126933582.8260000000000000	84349387968.0879670000000000	6725261623.9150581000000000
721.0 1095218142988.6187000000000000	84817370083.8284910000000000	6767614897.2927532000000000
722.0 1101334076722.0642000000000000	85287284284.2873840000000000	6810181422.9362249000000000
723.0 1107474798738.3291000000000000	85759135845.4952550000000000	6852961996.5795050000000000
724.0 1113640373072.3608000000000000	86232930050.6342160000000000	6895957415.8614616000000000
725.0 1119830863838.8999000000000000	86708672190.0379790000000000	6939168480.3276463000000000
726.0 1126046335232.4854000000000000	87186367561.1916810000000000	6982595991.4322100000000000
727.0 1132286851527.4646000000000000	87666021468.7320560000000000	7026240752.5397949000000000
728.0 1138552477078.0015000000000000	88147639224.4473420000000000	7070103568.9273853000000000
729.0 1144843276318.0859000000000000	88631226147.2773740000000000	7114185247.7862139000000000
730.0 1151159313761.5388000000000000	89116787563.3133850000000000	7158486598.2236309000000000
731.0 1157500654002.0239000000000000	89604328805.7982180000000000	7203008431.2649937000000000
732.0 1163867361713.0527000000000000	90093855215.1262210000000000	7247751559.8555336000000000
733.0 1170259501647.9956000000000000	90585372138.8433230000000000	7292716798.8622360000000000
734.0 1176677138640.0859000000000000	91078884931.6468510000000000	7337904965.0757322000000000
735.0 1183120337602.4316000000000000	91574398955.3857570000000000	7383316877.2121391000000000
736.0 1189589163528.0198000000000000	92071919579.0605010000000000	7428953355.9149685000000000
737.0 1196083681489.7271000000000000	92571452178.8230440000000000	7474815223.7569847000000000
738.0 1202603956640.3245000000000000	93073002137.9768680000000000	7520903305.2420568000000000
739.0 1209150054212.4885000000000000	93576574846.9770200000000000	7567218426.8070621000000000
740.0 1215722039518.8037000000000000	94082175703.4299930000000000	7613761416.8237238000000000
741.0 1222319977951.7742000000000000	94589810112.0939030000000000	7660533105.6005201000000000
742.0 1228943934983.8296000000000000	95099483484.8782650000000000	7707534325.3844872000000000
743.0 1235593976167.3320000000000000	95611201240.8442230000000000	7754765910.3631477000000000
744.0 1242270167134.5830000000000000	96124968806.2043150000000000	7802228696.6663218000000000
745.0 1248972573597.8311000000000000	96640791614.3227840000000000	7849923522.3680191000000000
746.0 1255701261349.2791000000000000	97158675105.7152250000000000	7897851227.4883146000000000
747.0 1262456296261.0898000000000000	97678624728.0487820000000000	7946012653.9951630000000000
748.0 1269237744285.3955000000000000	98200645936.1421970000000000	7994408645.8062897000000000
749.0 1276045671454.3003000000000000	98724744191.9656220000000000	8043040048.7910395000000000
750.0 1282880143879.8923000000000000	99250924964.6408230000000000	8091907710.7722311000000000
751.0 1289741227754.2454000000000000	99779193730.4410550000000000	8141012481.5280285000000000
752.0 1296628989349.4294000000000000	100309555972.7909900000000000	8190355212.7937527000000000
753.0 1303543495017.5144000000000000	100842017182.2669400000000000	8239936758.2637959000000000
754.0 1310484811190.5789000000000000	101376582856.5966800000000000	8289757973.5934076000000000
755.0 1317453004380.7153000000000000	101913258500.6595200000000000	8339819716.4005928000000000
756.0 1324448141180.0352000000000000	102452049626.4862200000000000	8390122846.2679434000000000
757.0 1331470288260.6787000000000000	102992961753.2591400000000000	8440668224.7444820000000000
758.0 1338519512374.8169000000000000	103536000407.3121000000000000	8491456715.3475094000000000
759.0 1345595880354.6626000000000000	104081171122.1304600000000000	8542489183.5644636000000000
760.0 1352699459112.4697000000000000	104628479438.3510400000000000	8593766496.8547516000000000
761.0 1359830315640.5493000000000000	105177930903.7621900000000000	8645289524.6515751000000000
762.0 1366988517011.2632000000000000	105729531073.3038600000000000	8697059138.3638191000000000
763.0 1374174130377.0413000000000000	106283285509.0674000000000000	8749076211.3778458000000000
764.0 1381387222970.3806000000000000	106839199780.2956800000000000	8801341619.0593567000000000
765.0 1388627862103.8533000000000000	107397279463.3831000000000000	8853856238.7552204000000000
766.0 1395896115170.1121000000000000	107957530141.8756000000000000	8906620949.7953186000000000
767.0 1403192049641.8967000000000000	108519957406.4706100000000000	8959636633.4943924000000000
768.0 1410515733072.0374000000000000	109084566855.0170000000000000	9012904173.1538410000000000
769.0 1417867233093.4641000000000000	109651364092.5152400000000000	9066424454.0635815000000000
770.0 1425246617419.2095000000000000	110220354731.1172900000000000	9120198363.5038815000000000
771.0 1432653953842.4133000000000000	110791544390.1265400000000000	9174226790.7471695000000000
772.0 1440089310236.3301000000000000	111364938695.9980000000000000	9228510627.0599117000000000
773.0 1447552754554.3362000000000000	111940543282.3380700000000000	9283050765.7043591000000000
774.0 1455044354829.9292000000000000	112518363789.9047500000000000	9337848101.9404583000000000
775.0 1462564179176.7388000000000000	113098405866.6074500000000000	9392903533.0276356000000000
776.0 1470112295788.5305000000000000	113680675167.5072200000000000	9448217958.2266197000000000
777.0 1477688772939.2092000000000000	114265177354.8164400000000000	9503792278.8012753000000000
778.0 1485293678982.8254000000000000	114851918097.8991700000000000	9559627398.0204391000000000
779.0 1492927082353.5803000000000000	115440903073.2708000000000000	9615724221.1596966000000000
780.0 1500589051565.8313000000000000	116032137964.5983900000000000	9672083655.5032597000000000
781.0 1508279655214.0967000000000000	116625628462.7003600000000000	9728706610.3457375000000000
782.0 1515998961973.0603000000000000	117221380265.5466800000000000	9785593996.9939842000000000
783.0 1523747040597.5752000000000000	117819399078.2588500000000000	9842746728.7688942000000000
784.0 1531523959922.6711000000000000	118419690613.1098800000000000	9900165721.0072441000000000
785.0 1539329788863.5586000000000000	119022260589.5241700000000000	9957851891.0634727000000000
786.0 1547164596415.6296000000000000	119627114734.0777600000000000	10015806158.3115250000000000
787.0 1555028451654.4690000000000000	120234258780.4980900000000000	10074029444.1466290000000000
788.0 1562921423735.8555000000000000	120843698469.6641700000000000	10132522671.9871640000000000
789.0 1570843581895.7651000000000000	121455439549.6064000000000000	10191286767.2763900000000000
790.0 1578794995450.3770000000000000	122069487775.5068100000000000	10250322657.4843410000000000
791.0 1586775733796.0808000000000000	122685848909.6988800000000000	10309631272.1095520000000000
792.0 1594785866409.4746000000000000	123304528721.6675000000000000	10369213542.6809230000000000
793.0 1602825462847.3762000000000000	123925532988.0491900000000000	10429070402.7595010000000000
794.0 1610894592746.8230000000000000	124548867492.6318200000000000	10489202787.9402870000000000
795.0 1618993325825.0767000000000000	125174538026.3548900000000000	10549611635.8540170000000000
796.0 1627121731879.6333000000000000	125802550387.3093700000000000	10610297886.1690120000000000
797.0 1635279880788.2158000000000000	126432910380.7376300000000000	10671262480.5929390000000000
798.0 1643467842508.7915000000000000	127065623819.0336200000000000	10732506362.8745960000000000
799.0 1651685687079.5657000000000000	127700696521.7427700000000000	10794030478.8057560000000000
800.0 1659933484618.9919000000000000	128338134315.5619400000000000	10855835776.2229290000000000
801.0 1668211305325.7754000000000000	128977943034.3396100000000000	10917923205.0091860000000000
802.0 1676519219478.8728000000000000	129620128519.0756500000000000	10980293717.0959050000000000
803.0 1684857297437.5010000000000000	130264696617.9214200000000000	11042948266.4646050000000000
804.0 1693225609641.1396000000000000	130911653186.1798100000000000	11105887809.1487330000000000
805.0 1701624226609.5332000000000000	131561004086.3052400000000000	11169113303.2354350000000000
806.0 1710053218942.7000000000000000	132212755187.9034900000000000	11232625708.8673740000000000
807.0 1718512657320.9263000000000000	132866912367.7319200000000000	11296425988.2444710000000000
808.0 1727002612504.7825000000000000	133523481509.6994200000000000	11360515105.6257510000000000
809.0 1735523155335.1167000000000000	134182468504.8662400000000000	11424894027.3310890000000000
810.0 1744074356733.0627000000000000	134843879251.4442900000000000	11489563721.7429940000000000
811.0 1752656287700.0449000000000000	135507719654.7968000000000000	11554525159.3084240000000000
812.0 1761269019317.7800000000000000	136173995627.4385700000000000	11619779312.5405200000000000
813.0 1769912622748.2808000000000000	136842713089.0358700000000000	11685327156.0204390000000000
814.0 1778587169233.8589000000000000	137513877966.4064900000000000	11751169666.3990900000000000
815.0 1787292730097.1306000000000000	138187496193.5196800000000000	11817307822.3989680000000000
816.0 1796029376741.0193000000000000	138863573711.4961500000000000	11883742604.8158280000000000
817.0 1804797180648.7561000000000000	139542116468.6081200000000000	11950474996.5205840000000000
818.0 1813596213383.8916000000000000	140223130420.2792700000000000	12017505982.4610270000000000
819.0 1822426546590.2878000000000000	140906621529.0848700000000000	12084836549.6635650000000000
820.0 1831288251992.1294000000000000	141592595764.7515900000000000	12152467687.2350600000000000
821.0 1840181401393.9268000000000000	142281059104.1574700000000000	12220400386.3645530000000000
