5	8.39981784787025e-12	1.007669552716013e-345	-0.00004117967431316386
6	8.198355127072459e-10	5.87461585521619e-241	-0.00004044017795091382
7	2.092617743676907e-8	7.014428769033865e-178	-0.0000398419122170832
8	2.320296926867617e-7	5.3409663310858e-137	-0.00003938306339562303
9	1.480073874685105e-6	5.230058303360602e-109	-0.0000390616371385989
10	6.424572279606417e-6	5.190548656778894e-89	-0.0000388754476401061
11	0.00002110924216358	3.11498591013566e-74	-0.00003882210616979559
12	0.00005634936721975786	5.269368097103867e-63	-0.00003889900892579175
13	0.00012831721318276	2.830700534536499e-54	-0.00003910332416405545
14	0.0002580729771292674	2.362818028446986e-47	-0.00003943197855831936
15	0.0004701996365124224	8.987947828661661e-42	-0.00003988164274157867
16	0.000790932820611918	3.298456220749109e-37	-0.00004044871597674493
17	0.001246204420427686	1.995384839428265e-33	-0.00004112930990044298
18	0.001827809410837465	2.941320175307224e-30	-0.00004191923128003069
19	0.003442856200061754	1.412637869294371e-27	-0.00004281396371972881
20	0.005206099228966157	2.753302660407361e-25	-0.000043808648247236
21	0.007105271236419903	2.577284853509457e-23	-0.00004489806270735016
22	0.009129492269134143	1.320754195149638e-21	-0.0000460765998838893
23	0.01126906123246941	4.107469096354998e-20	-0.00004733824426557656
24	0.0135152837187359	8.414121786299151e-19	-0.0000486765473654879
25	0.01586032897899778	1.21260309653293e-17	-0.00005008460149712279
26	0.01829711046589812	1.296842020509976e-16	-0.00005155501190310813
27	0.02081918556236989	1.075150418701634e-15	-0.00005307986712493906
28	0.02342067102132817	7.162820349303556e-15	-0.00005465070749395296
29	0.02609617134459848	3.950881613372744e-14	-0.00005625849161486851
30	0.02884071787648573	1.849816821149796e-13	-0.00005789356070365134
31	0.03164971681606235	7.507444288167267e-13	-0.00005954560063112122
32	0.03451890469029502	2.688325050814978e-12	-0.00006120360151253302
33	0.03744431009834187	8.622663654723652e-12	-0.0000628558146712708
34	0.04042222075140892	2.509355612773121e-11	-0.00006448970679170635
35	0.04344915500434097	6.699524528006495e-11	-0.00006609191106210803
36	0.04652183721371921	1.656631484051546e-10	-0.00006764817509314616
37	0.04963717636962169	3.825537366974178e-10	-0.00006914330538092057
38	0.05279224753977275	8.309216222908128e-10	-0.00007056110806542
39	0.05598427573976378	1.708238683962663e-9	-0.00007188432571578871
40	0.05921062190465203	3.342258512541712e-9	-0.00007309456985258286
41	0.06246877068812688	6.253568857844305e-9	-0.0000741722488941942
42	0.06575631985761293	1.123719403036357e-8	-0.00007509649118964206
43	0.06907097108878102	1.946534136670237e-8	-0.00007584506277279902
44	0.07241052199226065	3.261278937950494e-8	-0.00007639427944362284
45	0.07577285922992467	5.30057616156302e-8	-0.00007671891274990081
46	0.07915595259879044	8.379449147093279e-8	-0.00007679208940812102
47	0.08255784997802543	1.291491212814457e-7	-0.00007658518366412418
48	0.08597667304931093	1.944781395012867e-7	-0.00007606770205284011
49	0.08941061371334844	2.866682692131042e-7	-0.00007520715997138239
50	0.09285793113596018	4.143445878047638e-7	-0.0000739689494306857
51	0.09631694936633493	5.881496742785502e-7	-0.00007231619729735629
52	0.09978605547775314	8.2104072908627e-7	-0.00007020961327902623
53	0.103263698187789	1.128603866619093e-6	-0.00006760732684278685
54	0.1067483869207094	1.529385114782142e-6	-0.00006446471218671512
55	0.1102386912797031	2.045238042130206e-6	-0.00006073420030852825
56	0.1137332409007921	2.70168834617678e-6	-0.00005636507713235213
57	0.1172307256639193	3.528316156066589e-6	-0.00005130326656384482
58	0.1207298962398099	4.559157212764415e-6	-0.00004549109724458286
59	0.1242295649538918	5.833124478795112e-6	-0.00003886705166804155
60	0.1277286069508385	7.394452090104504e-6	-0.00003136549620054373
61	0.1312259616452436	9.29316389110577e-6	-0.0000229163904203603
62	0.1347206344455859	0.00001158556908958661	-0.00001344497404552689
63	0.1382116987400118	0.00001433478783215009	-2.871429564586738e-6
64	0.1416982981336041	0.00001761130973595611	8.88948148681873e-6
65	0.1451796489277176	0.00002149358862228133	0.00002192881084852981
66	0.1486550428326864	0.00002606867688574971	0.00003634384690867736
67	0.1521238499057351	0.00003143290310391922	0.00005223857180396409
68	0.1555855217063027	0.00003769259664885847	0.00006972415517270612
69	0.1590395946611807	0.00004496486320852766	0.00008891948775845038
70	0.162485693631931	0.00005337841526366529	0.0001099517583608266
71	0.1659235356769546	0.00006307446169722623	0.0001329570779587912
72	0.1693529340003555	0.00007420766083918072	0.0001580811551917495
73	0.1727738020793788	0.00008694714136982476	0.0001854800277800578
74	0.17618615796171	0.0001014775956189907	0.0002153208549007915
75	0.179590128723301	0.0001180004499051662	0.0002477827760119947
76	0.1829859550766337	0.0001367351166551499	0.0002830578421421436
77	0.1863739961184699	0.0001579203331282394	0.0003213520262361167
78	0.1897547342051277	0.0001818155916348896	0.0003628863197790388
79	0.1931287799422187	0.0002087026661831842	0.0004078979236101027
80	0.1964968772745438	0.0002388872405011928	0.0004566415415945432
81	0.1998599086604826	0.0002727006423621404	0.0005093907866499686
82	0.2032189003137649	0.0003105016890739264	0.0005664397095274475
83	0.2065750274939108	0.0003526786488752695	0.0006281044617353196
84	0.2099296198249722	0.000399651322796643	0.0006947251050693927
85	0.2132841666203952	0.0004518732512827309	0.0007666675813827803
86	0.2166403221899674	0.0005098340495203117	0.0008443258574977752
87	0.2199999111028332	0.0005740618749554656	0.0009281242615336149
88	0.2233649333785327	0.0006451260298991309	0.001018520028402931
89	0.2267375695758945	0.0007236397013906749	0.00111600607381469
90	0.2301201857474703	0.0008102628395935346	0.001221114017812977
91	0.2335153382249899	0.0009057051749112124	0.001334417480672402
92	0.236925778199094	0.001010729372709779	0.0014565356758535
93	0.2403544560544085	0.001126154322986096	0.001588137326673669
94	0.2438045254187895	0.001252858560498542	0.001729944935352638
95	0.2472793468834596	0.001391783808746221	0.00188273943509756
96	0.2507824913486599	0.001543938638708817	0.00204736525785366
97	0.2543177429474792	0.001710402230405909	0.002224735852186821
98	0.2578891014987001	0.001892328222064333	0.002415839687374389
99	0.2615007844378372	0.00209094862795698	0.002621746781032675
100	0.2651572281741141	0.002307577801758683	0.002843615788304401
101	0.2688630888199143	0.00254361641751843	0.003082701690546111
102	0.2726232422383812	0.002800555435038892	0.003340364120240519
103	0.2764427833542521	0.003079980010555571	0.003618076356136834
104	0.2803270246728738	0.003383573307097156	0.003917435017804212
105	0.2842814939525922	0.003713120151773671	0.004240170481206399
106	0.2883119309764702	0.004070510479479928	0.004588158025622307
107	0.2924242833705359	0.004457742494135138	0.004963429706118374
108	0.2966247014176323	0.004876925469641856	0.005368186923275418
109	0.3009195318183693	0.005330282103300271	0.005804813631121223
110	0.3053153103538014	0.00582015032454882	0.006275890082722025
111	0.309818753408257	0.006348984451746464	0.006784206957592225
112	0.3144367483152639	0.006919355579434628	0.00733277964203061
113	0.3191763424947665	0.007533951068334418	0.007924862337814323
114	0.324044731355899	0.008195573000517703	0.008563961550174842
115	0.3290492449463264	0.008907135453068673	0.009253848345128836
116	0.334197333336791	0.009671660435519513	0.009998568559590693
117	0.3394965507377747	0.01049227232986101	0.01080244988422509
118	0.3449545383542842	0.01137219066752646	0.01167010440500284
119	0.3505790059944854	0.01231472107602247	0.01260642476987096
120	0.3563777124583161	0.01332324422949243	0.01361657162420964
121	0.3623584447431716	0.01440120264315981	0.01470594931492928
122	0.3685289961151725	0.01555208516205743	0.01588016608126495
123	0.3748971431064236	0.01677940901046964	0.01714497401720817
124	0.3814706215107356	0.01808669929084692	0.01850618300427417
125	0.3882571014626071	0.01947746585029569	0.01996954159071452
126	0.3952641616965206	0.02095517746970268	0.02154057648565047
127	0.4024992630957773	0.02252323337557609	0.02322438105232857
128	0.4099697216519241	0.02418493212801938	0.02502534211850606
129	0.4176826809672168	0.02594343799986737	0.02694679390030475
130	0.4256450844432627	0.02780174503153665	0.0289905883665783
131	0.4338636473088949	0.02976263902279606	0.03115657370431824
132	0.4423448286491632	0.03182865780520324	0.0334419777213639
133	0.4510948036050462	0.03400205022562652	0.03584070237452783
134	0.46011943591976	0.03628473435978467	0.03834255067564205
135	0.4694242510123565	0.03867825556226095	0.04093242945062005
136	0.4790144097624035	0.04118374504264943	0.04358960157152745
137	0.488894683190863	0.0438018797326089	0.04628709838324189
138	0.4990694282217176	0.04653284427155924	0.04899144296785862
139	0.5095425647062971	0.04937629598533602	0.05166286862247086
140	0.5203175538877155	0.05233133375815955	0.05425622953255758
141	0.53139737847612	0.05539647169991625	0.05672277211759923
142	0.5427845244968069	0.05856961848470906	0.05901284560614477
143	0.5544809650625575	0.06184806318047595	0.06107946822315947
144	0.5664881462089292	0.0652284683018911	0.06288244306847544
145	0.5788069749168709	0.06870687069979532	0.06439248146144169
146	0.5914378094309217	0.07227869075162409	0.06559462020008053
147	0.6043804519637923	0.07593875014191191	0.06649020157635963
148	0.617634143859231	0.07968129832476341	0.06709687767959273
149	0.63119756326534	0.08350004754750354	0.06744648537533361
150	0.6450688253498195	0.08738821609411396	0.06758111058542385
151	0.6592454850675089	0.09133857918700224	0.0675480643888039
152	0.6737245424692471	0.09534352677506974	0.06739469301779405
153	0.6885024505196927	0.09939512724384361	0.06716388643377433
154	0.7035751253709123	0.1034851959179495	0.06689088431014605
155	0.7189379590180025	0.1076053670946756	0.06660161862281659
156	0.7345858342437553	0.1117471682555309	0.06631249958010167
157	0.7505131417409023	0.1159020950543456	0.06603132618365513
158	0.7667137992836469	0.1200616856772995	0.0657589071858468
159	0.7831812728047887	0.1242175932117631	0.06549099127911306
160	0.7999085992211766	0.1283616547443427	0.06522018525098695
161	0.8168884108385647	0.1324859560294349	0.06493764425438964
162	0.8341129611573023	0.1365828907217237	0.06463441941966427
163	0.8515741518926961	0.1406452133420283	0.06430242872412398
164	0.8692635610185385	0.1446660853376843	0.06393507236624038
165	0.8871724716390019	0.1486391137979425	0.06352754574258648
166	0.9052919014929712	0.1525583825837253	0.0630769165202712
167	0.9236126328957939	0.1564184758221714	0.06258203296670689
168	0.942125242926368	0.1602144938934223	0.06204332371296145
169	0.9608201336721403	0.163942062194996	0.06146253842446151
170	0.9796875623511615	0.167597333104145	0.06084246714729769
171	0.9987176711382233	0.1711769816685005	0.06018666507309921
172	1.017900516531599	0.1746781956390934	0.05949920002064079
173	1.037226098107382	0.178098660517738	0.05878443239913662
174	1.056684386520081	0.1814365403240452	0.05804683178621112
175	1.07626535062036	0.1846904547980551	0.05729083031929606
176	1.095958983573925	0.1878594537453444	0.05652071055863307
177	1.115755327878827	0.190942989205489	0.05574052402355147
178	1.135644499192036	0.1939408860851978	0.0549540359412297
179	1.15561670888985	0.1968533118474812	0.05416469162705038
180	1.175662285300136	0.1996807457909673	0.05337560014697099
181	1.195771693557696	0.2024239483917553	0.05258953134287502
182	1.215935554046828	0.2050839311165025	0.05180892282771124
183	1.236144659407553	0.2076619270519118	0.05103589410435308
184	1.256389990093554	0.2101593626341684	0.05027226548825706
185	1.27666272848093	0.2125778307035383	0.04951957999054859
186	1.296954271537029	0.2149190650552827	0.04877912673356909
187	1.317256242067997	0.2171849166089574	0.04805196482258172
188	1.337560498572143	0.2193773312744363	0.04733894688827758
189	1.357859143733934	0.2214983295547819	0.04664074174626471
190	1.378144531600007	0.2235499878933432	0.04595785580619664
191	1.398409273484531	0.2255344217449907	0.04529065300423242
192	1.418646242656213	0.2274537703288889	0.0446393731408142
193	1.438848577863261	0.2293101830022748	0.0440041485856291
194	1.459009685756026	0.2311058071809114	0.04338501936813659
195	1.479123242269541	0.2328427777217559	0.04278194671248057
196	1.49918319302995	0.2345232076764645	0.04219482510072602
197	1.519183752850043	0.2361491803201806	0.04162349296470046
198	1.53911940437955	0.2377227423582055	0.04106774211449906
199	1.558984895975834	0.2392458982132122	0.04052732601431135
200	1.57877523886005	0.2407206052972844	0.04000196701486202
201	1.598485703622916	0.2421487701759032	0.03949136264749793
202	1.618111816142679	0.2435322455347875	0.03899519107938693
203	1.637649352976244	0.2448728278649594	0.03851311582232591
204	1.657094336282353	0.246172255786349	0.03804478978027083
205	1.676443028333359	0.2474322089354917	0.03758985871333059
206	1.69569192566983	0.2486543073482487	0.0371479641885188
207	1.71483775294932	0.2498401112738937	0.03671874608059388
208	1.733877456538103	0.2509911213622402	0.03630184467956597
209	1.752808197891869	0.2521087791706754	0.0358969024553491
210	1.771627346768243	0.2531944679429534	0.03550356552431214
211	1.790332474311418	0.2542495136163409	0.03512148485735279
212	1.808921346046132	0.2552751860181802	0.03475031726434665
213	1.827391914815399	0.2562727002171186	0.03438972618574421
214	1.845742313693725	0.2572432179981341	0.03403938231819614
215	1.86397084890462	0.2581878494340777	0.03369896409783749
216	1.882075992768843	0.2591076545297425	0.03336815806180558
217	1.900056376707054	0.260003644917479	0.03304665910595975
218	1.917910784318248	0.2608767855861071	0.03273417065449352
219	1.935638144553019	0.261727996627347	0.03243040475494865
220	1.953237524998466	0.2625581549862211	0.03213508211053016
221	1.970708125289464	0.2633680962038732	0.03184793205986211
222	1.988049270659214	0.2641586161430385	0.03156869251304641
223	2.005260405639904	0.2649304726879852	0.03129710985166142
224	2.022341087922896	0.2656843874121588	0.03103293879926643
225	2.039290982386046	0.2664210472079991	0.03077594226804205
226	2.056109855294435	0.2671411058744983	0.03052589118645301
227	2.072797568679394	0.2678451856590232	0.03028256431204826
228	2.089354074899451	0.26853387875076	0.03004574803297763
229	2.105779411385783	0.2692077487238662	0.0298152361612157
230	2.12207369557365	0.2698673319290376	0.02959082972006807
231	2.138237120020365	0.2705131388327409	0.02937233672813341
232	2.154269947709639	0.2711456553038156	0.0291595719815362
233	2.170172507541221	0.2717653438475439	0.02895235683596134
234	2.185945190004254	0.2723726447876132	0.02875051898976693
235	2.201588443032073	0.2729679773966681	0.02855389226922501
236	2.217102768035716	0.2735517409763765	0.02836231641676968
237	2.232488716112981	0.2741243158881192	0.02817563688292625
238	2.247746884429429	0.2746860645355555	0.02799370462251109
239	2.262877912767465	0.2752373323004385	0.02781637589553509
240	2.27788248023935	0.2757784484331369	0.02764351207314289
241	2.292761302159721	0.2763097268993871	0.02747497944885131
242	2.307515127073073	0.2768314671848429	0.02731064905527315
243	2.322144733931513	0.277343955059014	0.02715039648642848
244	2.336650929417976	0.2778474633001994	0.0269941017257154
245	2.351034545410006	0.2783422523830166	0.02684164897956852
246	2.365296436579226	0.2788285711301205	0.02669292651677478
247	2.379437478121501	0.2793066573296796	0.02654782651341285
248	2.393458563612951	0.2797767383201547	0.0264062449033379
249	2.407360602986884	0.2802390315438892	0.02626808123412029
250	2.421144520626761	0.2806937450709802	0.02613323852833083
251	2.434811253570503	0.2811410780948627	0.02600162315004822
252	2.44836174982133	0.2815812214009882	0.02587314467646528
253	2.461796966760613	0.2820143578099381	0.02574771577443703
254	2.475117869658143	0.2824406625962596	0.02562525208184994
255	2.488325430275444	0.2828603038842665	0.0255056720936404
256	2.501420625557811	0.2832734430219948	0.02538889705232385
257	2.514404436410919	0.2836802349344568	0.0252748508428881
258	2.527277846557903	0.2840808284572865	0.02516345989188265
259	2.540041841473029	0.2844753666518206	0.02505465307056441
260	2.552697407388102	0.2848639871026148	0.02494836160195595
261	2.565245530367983	0.2852468221983449	0.02484451897165508
262	2.577687195451649	0.2856239993970003	0.02474306084226535
263	2.590023385855372	0.2859956414762317	0.02464392497129998
264	2.602255082234791	0.286361866769673	0.02454705113242682
265	2.614383262002655	0.2867227893900166	0.02445238103991474
266	2.62640889869926	0.2870785194395818	0.02435985827616121
267	2.638332961412658	0.2874291632090762	0.02426942822216851
268	2.650156414245886	0.287774823365217	0.02418103799084943
269	2.66188021582852	0.2881155991278405	0.02409463636305007
270	2.673505318870054	0.288451586437097	0.02401017372616817
271	2.685032669752647	0.2887828781112946	0.02392760201526893
272	2.696463208160973	0.2891095639959268	0.0238468746565815
273	2.707797866746897	0.2894317311043878	0.02376794651328934
274	2.719037570826948	0.2897494637508524	0.02369077383350432
275	2.730183238110566	0.2900628436757715	0.02361531420034223
276	2.74123577845718	0.2903719501644085	0.02354152648400489
277	2.752196093660394	0.290676860158818	0.02346937079578512
278	2.763065077257496	0.2909776483636456	0.02339880844391096
279	2.773843614362693	0.2912743873461077	0.0233298018911551
280	2.784532581522522	0.2915671476304864	0.02326231471412928
281	2.795132846591968	0.2918559977874593	0.02319631156419475
282	2.805645268629934	0.2921410045185637	0.02313175812991753
283	2.816070697812689	0.2924222327360759	0.02306862110100792
284	2.826409975364126	0.2926997456385754	0.02300686813367099
285	2.836663933501616	0.2929736047824402	0.02294646781732038
286	2.846833395396339	0.2932438701495142	0.02288738964258764
287	2.856919175147082	0.2935106002111651	0.02282960397057657
288	2.866922077766493	0.2937738519889454	0.02277308200330998
289	2.876842899178877	0.2940336811120512	0.02271779575531487
290	2.886682426228619	0.2942901418717668	0.02266371802630379
291	2.896441436698451	0.2945432872730679	0.02261082237490122
292	2.906120699336779	0.2947931690835493	0.02255908309337169
293	2.915720973893303	0.2950398378798312	0.02250847518331092
294	2.925243011162279	0.2952833430915895	0.02245897433225575
295	2.934687553032756	0.2955237330433483	0.02241055689117682
296	2.944055332545188	0.295761054994162	0.02236319985281716
297	2.953347073953859	0.2959953551753098	0.02231688083083934
298	2.962563492794569	0.2962266788261151	0.02227157803975163
299	2.971705295957078	0.2964550702279991	0.02222727027557756
300	2.980773181761874	0.2966805727368676	0.02218393689723905
301	2.98976784004078	0.2969032288139272	0.0221415578086264
302	2.998689952221018	0.2971230800550202	0.02210011344132237
303	3.007540191412346	0.2973401672185611	0.02205958473795915
304	3.01631922249688	0.2975545302521555	0.02201995313617735
305	3.025027702221306	0.2977662083179739	0.02198120055316674
306	3.033666279291153	0.2979752398169517	0.02194330937076253
307	3.042235594466837	0.2981816624118803	0.02190626242107618
308	3.050736280661179	0.2983855130494515	0.02187004297263994
309	3.059168963038209	0.2985868279813135	0.02183463471704233
310	3.067534259112961	0.2987856427841925	0.02180002175603747
311	3.075832778852076	0.2989819923791322	0.02176618858910803
312	3.084065124775004	0.2991759110498996	0.02173312010146486
313	3.0922318920556	0.2993674324606015	0.0217008015524649
314	3.100333668623993	0.2995565896725559	0.02166921856443194
315	3.108371035268513	0.2997434151604581	0.02163835711186519
316	3.116344565737562	0.2999279408278792	0.02160820351101804
317	3.124254826841288	0.3001101980221326	0.02157874440983564
318	3.13210237855293	0.3002902175485433	0.02154996677823562
319	3.139887774109742	0.3004680296841493	0.02152185789871923
320	3.14761156011337	0.3006436641908674	0.02149440535730035
321	3.1552742766296	0.3008171503281499	0.02146759703474019
322	3.162876457287383	0.3009885168651582	0.02144142109807615
323	3.170418629377064	0.30115779209248	0.0214158659924336
324	3.17790131394776	0.3013250038334114	0.02139092043310978
325	3.185325025903784	0.3014901794548269	0.02136657339791988
326	3.192690274100085	0.3016533458776585	0.02134281411979568
327	3.19999756143667	0.3018145295870023	0.02131963207962653
328	3.207247384951916	0.301973756641872	0.02129701699933455
329	3.214440235914767	0.302131052684616	0.02127495883517516
330	3.221576599915769	0.3022864429500147	0.02125344777125427
331	3.228656956956919	0.3024399522740736	0.02123247421325469
332	3.235681781540293	0.3025916051025266	0.02121202878236348
333	3.242651542755417	0.3027414254990629	0.02119210230939446
334	3.249566704365401	0.302889437153291	0.02117268582909618
335	3.256427724891802	0.3030356633884515	0.02115377057464146
336	3.26323505769816	0.3031801271688908	0.02113534797229003
337	3.269989151072285	0.3033228511073055	0.02111740963621925
338	3.276690448307196	0.3034638574717696	0.02109994736351596
339	3.2833393877808	0.3036031681925518	0.02108295312932476
340	3.289936403034201	0.3037408048687344	0.02106641908214597
341	3.296481922848759	0.303876788774641	0.02105033753927965
342	3.302976371321786	0.3040111408660815	0.02103470098240851
343	3.309420167940987	0.3041438817864225	0.02101950205331687
344	3.315813727657555	0.3042750318724897	0.02100473354973947
345	3.322157460958009	0.3044046111603105	0.02099038842133668
346	3.328451773934733	0.3045326393907019	0.02097645976579064
347	3.334697068355241	0.3046591360147106	0.02096294082501925
348	3.340893741730176	0.3047841201989116	0.02094982498150345
349	3.347042187380061	0.3049076108305699	0.02093710575472383
350	3.353142794500813	0.3050296265226715	0.02092477679770364
351	3.359195948228024	0.3051501856188282	0.02091283189365276
352	3.365202029700028	0.3052693061980611	0.02090126495271182
353	3.371161416119785	0.3053870060794671	0.02089007000879089
354	3.377074480815569	0.3055033028267731	0.02087924121650113
355	3.3829415933005	0.3056182137527818	0.02086877284817455
356	3.388763119330906	0.3057317559237129	0.02085865929097152
357	3.394539420963588	0.305843946163443	0.02084889504407024
358	3.400270856611939	0.3059548010576486	0.0208394747159379
359	3.405957781100971	0.3060643369578546	0.02083039302167939
360	3.411600545721275	0.3061725699853924	0.02082164478046135
361	3.417199498281908	0.3062795160352698	0.02081322491300971
362	3.422754983162222	0.3063851907799556	0.02080512843917764
363	3.428267341362692	0.3064896096730822	0.02079735047558161
364	3.433736910554718	0.3065927879530691	0.02078988623330423
365	3.439164025129447	0.3066947406466679	0.0207827310156607
366	3.444549016245604	0.3067954825724341	0.02077588021602725
367	3.449892211876387	0.3068950283441248	0.02076932931573022
368	3.455193936855422	0.3069933923740277	0.02076307388199245
369	3.460454512921785	0.3070905888762203	0.02075710956593693
370	3.465674258764147	0.3071866318697641	0.02075143210064402
371	3.470853490064013	0.3072815351818337	0.02074603729926264
372	3.475992519538108	0.3073753124507837	0.02074092105317161
373	3.481091656979916	0.3074679771291547	0.02073607933019107
374	3.48615120930038	0.3075595424866203	0.02073150817284269
375	3.491171480567789	0.3076500216128767	0.02072720369665499
376	3.496152772046885	0.3077394274204761	0.02072316208851526
377	3.501095382237167	0.3078277726476059	0.02071937960506442
378	3.505999606910436	0.307915069860815	0.02071585257113483
379	3.510865739147618	0.3080013314576877	0.02071257737822902
380	3.515694069374807	0.3080865696694687	0.02070955048303851
381	3.520484885398649	0.3081707965636375	0.02070676840600131
382	3.525238472440981	0.3082540240464358	0.02070422772989707
383	3.529955113172813	0.3083362638653484	0.02070192509847845
384	3.534635087747616	0.3084175276115382	0.02069985721513836
385	3.539278673833993	0.3084978267222365	0.02069802084161107
386	3.543886146647658	0.3085771724830909	0.02069641279670674
387	3.548457778982851	0.3086555760304701	0.02069502995507849
388	3.552993841243078	0.3087330483537275	0.02069386924602065
389	3.557494601471308	0.3088096002974243	0.02069292765229761
390	3.56196032537954	0.3088852425635136	0.0206922022090022
391	3.566391276377841	0.3089599857134857	0.02069169000244274
392	3.570787715602798	0.3090338401704749	0.02069138816905811
393	3.575149901945421	0.309106816221331	0.02069129389435998
394	3.579478092078557	0.3091789240186533	0.02069140441190104
395	3.583772540483714	0.3092501735827899	0.02069171700226921
396	3.588033499477446	0.3093205748038027	0.02069222899210651
397	3.592261219237193	0.3093901374433979	0.02069293775315193
398	3.596455947826665	0.3094588711368244	0.02069384070130798
399	3.600617931220729	0.3095267853947389	0.02069493529573009
400	3.604747413329864	0.3095938896050398	0.02069621903793779
401	3.608844636024127	0.3096601930346702	0.02069768947094797
402	3.612909839156717	0.3097257048313897	0.02069934417842845
403	3.61694326058707	0.3097904340255176	0.02070118078387265
404	3.620945136203567	0.3098543895316457	0.02070319694979333
405	3.624915699945806	0.3099175801503235	0.02070539037693622
406	3.628855183826488	0.3099800145697147	0.02070775880351189
407	3.632763817952908	0.3100417013672266	0.02071030000444596
408	3.636641830548058	0.3101026490111123	0.02071301179064739
409	3.640489447971361	0.3101628658620469	0.02071589200829341
410	3.644306894739043	0.3102223601746771	0.02071893853813163
411	3.648094393544147	0.3102811400991464	0.0207221492947984
412	3.651852165276191	0.3103392136825943	0.02072552222615284
413	3.655580429040503	0.3103965888706322	0.02072905531262685
414	3.659279402177207	0.3104532735087942	0.02073274656658932
415	3.662949300279895	0.3105092753439654	0.02073659403172592
416	3.666590337213993	0.3105646020257865	0.02074059578243237
417	3.670202725134786	0.3106192611080357	0.02074474992322204
418	3.673786674505178	0.3106732600499893	0.02074905458814699
419	3.677342394113146	0.3107266062177592	0.02075350794023184
420	3.680870091088874	0.3107793068856101	0.02075810817092127
421	3.684369970921674	0.3108313692372547	0.02076285349953877
422	3.687842237476564	0.3108828003671295	0.02076774217275879
423	3.69128709301062	0.3109336072816491	0.02077277246408985
424	3.694704738189045	0.3109837969004416	0.0207779426733698
425	3.698095372101008	0.3110333760575637	0.02078325112627162
426	3.7014591922752	0.3110823515026975	0.02078869617382103
427	3.704796394695168	0.3111307299023275	0.02079427619192405
428	3.70810717381441	0.3111785178408997	0.02079998958090538
429	3.711391722571231	0.311225721821963	0.02080583476505666
430	3.714650232403364	0.3112723482692912	0.02081181019219488
431	3.717882893262396	0.3113184035279895	0.02081791433323015
432	3.721089893627943	0.3113638938655821	0.02082414568174314
433	3.724271420521645	0.311408825473084	0.02083050275357127
434	3.727427659520912	0.3114532044660555	0.02083698408640435
435	3.730558794772522	0.3114970368856406	0.0208435882393886
436	3.733665009005975	0.3115403286995896	0.02085031379273907
437	3.736746483546672	0.3115830858032658	0.02085715934736063
438	3.739803398328907	0.3116253140206364	0.0208641235244769
439	3.742835931908667	0.3116670191052484	0.02087120496526697
440	3.74584426147625	0.3117082067411899	0.02087840233051002
441	3.748828562868715	0.3117488825440364	0.02088571430023715
442	3.751789010582153	0.311789052061782	0.02089313957339084
443	3.754725777783789	0.3118287207757578	0.02090067686749135
444	3.757639036323915	0.3118678941015351	0.02090832491831005
445	3.76052895674767	0.3119065773898156	0.0209160824795498
446	3.763395708306651	0.3119447759273075	0.02092394832253166
447	3.766239458970373	0.3119824949375892	0.02093192123588828
448	3.769060375437592	0.312019739581959	0.02094000002526355
449	3.771858623147449	0.3120565149602727	0.02094818351301845
450	3.774634366290491	0.3120928261117681	0.02095647053794285
451	3.777387767819549	0.3121286780158777	0.02096485995497326
452	3.780118989460469	0.3121640755930285	0.0209733506349164
453	3.782828191722709	0.3121990237054303	0.02098194146417807
454	3.7855155339098	0.3122335271578522	0.0209906313444981
455	3.788181174129689	0.3122675906983872	0.02099941919268989
456	3.790825269304935	0.3123012190192056	0.02100830394038574
457	3.793447975182793	0.3123344167572976	0.02101728453378721
458	3.79604944634517	0.312367188495204	0.02102635993342017
459	3.798629836218463	0.3123995387617367	0.02103552911389504
460	3.801189297083277	0.3124314720326885	0.02104479106367167
461	3.803727980084027	0.3124629927315321	0.02105414478482885
462	3.806246035238429	0.3124941052301093	0.0210635892928384
463	3.808743611446877	0.3125248138493093	0.0210731236163437
464	3.811220856501719	0.3125551228597377	0.02108274679694263
465	3.813677917096407	0.3125850364823755	0.02109245788897458
466	3.816114938834572	0.3126145588892283	0.02110225595931167
467	3.818532066238963	0.312643694203966	0.02111214008715431
468	3.820929442760313	0.3126724465025534	0.02112210936383026
469	3.823307210786095	0.3127008198138712	0.02113216289259778
470	3.825665511649166	0.3127288181203286	0.0211422997884528
471	3.828004485636354	0.3127564453584661	0.0211525191779393
472	3.830324271996909	0.3127837054195502	0.02116282019896379
473	3.832625008950891	0.3128106021501598	0.02117320200061302
474	3.834906833697456	0.3128371393527628	0.02118366374297538
475	3.837169882423052	0.3128633207862857	0.02119420459696536
476	3.839414290309547	0.3128891501666746	0.0212048237441517
477	3.841640191542231	0.3129146311674476	0.02121552037658875
478	3.843847719317786	0.31293976742024	0.02122629369665057
479	3.846037005852138	0.3129645625153412	0.02123714291686863
480	3.848208182388233	0.3129890200022238	0.02124806725977226
481	3.850361379203742	0.3130131433900659	0.02125906595773231
482	3.852496725618692	0.313036936148265	0.02127013825280744
483	3.854614350003	0.3130604017069451	0.02128128339659333
484	3.856714379783953	0.3130835434574561	0.02129250065007494
485	3.8587969414536	0.3131063647528673	0.02130378928348112
486	3.86086216057608	0.3131288689084519	0.02131514857614209
487	3.862910161794872	0.3131510592021666	0.02132657781634945
488	3.864941068839973	0.3131729388751233	0.02133807630121889
489	3.866955004535018	0.3131945111320542	0.02134964333655522
490	3.868952090804315	0.3132157791417709	0.02136127823671983
491	3.870932448679827	0.3132367460376162	0.02137298032450088
492	3.872896198308076	0.3132574149179105	0.02138474893098539
493	3.874843458956998	0.313277788846391	0.02139658339543385
494	3.876774349022708	0.3132978708526454	0.02140848306515724
495	3.878688986036233	0.3133176639325391	0.02142044729539585
496	3.880587486670153	0.3133371710486369	0.02143247544920061
497	3.882469966745207	0.3133563951306181	0.02144456689731643
498	3.884336541236816	0.3133753390756866	0.02145672101806744
499	3.886187324281558	0.3133940057489748	0.02146893719724472
500	3.888022429183589	0.3134123979839417	0.02148121482799526
501	3.889841968420994	0.3134305185827664	0.02149355331071368
502	3.891646053652086	0.3134483703167348	0.02150595205293532
503	3.893434795721651	0.3134659559266222	0.02151841046923145
504	3.895208304667143	0.3134832781230697	0.02153092798110608
505	3.896966689724802	0.313500339586956	0.02154350401689484
506	3.898710059335748	0.313517142969764	0.02155613801166538
507	3.900438521151999	0.3135336908939415	0.02156882940711976
508	3.902152182042448	0.3135499859532587	0.02158157765149811
509	3.903851148098784	0.3135660307131586	0.02159438219948445
510	3.905535524641361	0.3135818277111047	0.02160724251211371
511	3.907205416225023	0.3135973794569226	0.02162015805668047
512	3.908860926644871	0.3136126884331369	0.02163312830664952
513	3.910502158941987	0.3136277570953049	0.02164615274156747
514	3.912129215409098	0.3136425878723437	0.02165923084697621
515	3.913742197596219	0.3136571831668546	0.02167236211432776
516	3.915341206316214	0.3136715453554424	0.02168554604090048
517	3.916926341650333	0.31368567678903	0.02169878212971665
518	3.9184977029537	0.3136995797931695	0.02171206988946178
519	3.920055388860747	0.3137132566683484	0.02172540883440477
520	3.921599497290615	0.3137267096902924	0.02173879848431969
521	3.923130125452496	0.3137399411102633	0.02175223836440892
522	3.924647369850942	0.3137529531553536	0.02176572800522746
523	3.926151326291132	0.3137657480287765	0.02177926694260832
524	3.927642089884084	0.3137783279101527	0.02179285471758958
525	3.929119755051838	0.3137906949557928	0.0218064908763422
526	3.930584415532583	0.3138028512989762	0.02182017497009937
527	3.932036164385762	0.3138147990502258	0.02183390655508674
528	3.933475093997118	0.3138265402975803	0.02184768519245396
529	3.9349012960837	0.313838077106861	0.02186151044820732
530	3.936314861698848	0.3138494115219367	0.02187538189314341
531	3.937715881237113	0.3138605455649842	0.02188929910278397
532	3.939104444439155	0.3138714812367455	0.02190326165731162
533	3.940480640396598	0.3138822205167818	0.02191726914150688
534	3.941844557556845	0.3138927653637238	0.02193132114468594
535	3.943196283727849	0.3139031177155191	0.02194541726063961
536	3.944535906082861	0.3139132794896762	0.02195955708757322
537	3.945863511165134	0.3139232525835048	0.02197374022804733
538	3.947179184892574	0.3139330388743536	0.02198796628891962
539	3.948483012562386	0.3139426402198449	0.02200223488128755
540	3.949775078855659	0.3139520584581056	0.02201654562043199
541	3.951055467841919	0.3139612954079958	0.02203089812576171
542	3.952324262983664	0.3139703528693338	0.02204529202075864
543	3.953581547140836	0.3139792326231189	0.02205972693292434
544	3.954827402575281	0.3139879364317506	0.02207420249372686
545	3.956061910955168	0.3139964660392454	0.02208871833854883
546	3.957285153359365	0.3140048231714502	0.02210327410663599
547	3.958497210281796	0.3140130095362541	0.02211786944104686
548	3.959698161635754	0.3140210268237958	0.02213250398860303
549	3.960888086758186	0.3140288767066699	0.02214717739984011
550	3.96206706441394	0.3140365608401295	0.0221618893289598
551	3.963235172799988	0.3140440808622866	0.02217663943378222
552	3.964392489549609	0.3140514383943096	0.02219142737569932
553	3.96553909173654	0.3140586350406191	0.02220625281962898
554	3.966675055879107	0.3140656723890798	0.02222111543396955
555	3.967800457944303	0.3140725520111911	0.02223601489055552
556	3.968915373351865	0.3140792754622751	0.02225095086461332
557	3.970019876978285	0.3140858442816614	0.02226592303471841
558	3.971114043160823	0.3140922599928704	0.0222809310827524
559	3.972197945701466	0.3140985241037939	0.02229597469386135
560	3.973271657870876	0.3141046381068736	0.02231105355641424
561	3.974335252412287	0.3141106034792767	0.02232616736196263
562	3.975388801545396	0.3141164216830704	0.02234131580520017
563	3.976432376970208	0.3141220941653929	0.02235649858392347
564	3.977466049870853	0.3141276223586231	0.02237171539899302
565	3.978489890919387	0.314133007680548	0.02238696595429509
566	3.979503970279553	0.3141382515345277	0.02240224995670372
567	3.980508357610515	0.3141433553096587	0.02241756711604382
568	3.981503122070571	0.3141483203809347	0.0224329171450544
569	3.982488332320823	0.3141531481094057	0.02244829975935254
570	3.983464056528843	0.3141578398423351	0.02246371467739788
571	3.984430362372291	0.3141623969133545	0.02247916162045745
572	3.985387317042514	0.3141668206426172	0.02249464031257139
573	3.986334987248119	0.3141711123369488	0.02251015048051874
574	3.987273439218519	0.314175273289997	0.02252569185378402
575	3.988202738707451	0.3141793047823788	0.02254126416452426
576	3.989122950996466	0.314183208081826	0.02255686714753631
577	3.990034140898397	0.3141869844433291	0.02257250054022492
578	3.990936372760804	0.3141906351092792	0.02258816408257112
579	3.991829710469387	0.3141941613096082	0.02260385751710089
580	3.992714217451367	0.3141975642619272	0.02261958058885475
581	3.993589956678866	0.3142008451716636	0.02263533304535724
582	3.994456990672234	0.3142040052321955	0.02265111463658726
583	3.995315381503374	0.3142070456249859	0.0226669251149486
584	3.996165190799028	0.3142099675197136	0.02268276423524095
585	3.997006479744039	0.3142127720744041	0.02269863175463136
586	3.997839309084599	0.3142154604355575	0.02271452743262608
587	3.998663739131467	0.3142180337382758	0.0227304510310428
588	3.999479829763157	0.3142204931063882	0.02274640231398321
589	4.000287640429119	0.3142228396525747	0.02276238104780611
590	4.001087230152871	0.3142250744784889	0.02277838700110081
591	4.001878657535142	0.3142271986748784	0.02279441994466076
592	4.002661980756956	0.3142292133217042	0.02281047965145783
593	4.00343725758272	0.3142311194882589	0.02282656589661671
594	4.004204545363269	0.3142329182332828	0.02284267845738989
595	4.004963901038916	0.3142346106050793	0.02285881711313268
596	4.005715381142442	0.3142361976416281	0.02287498164527891
597	4.006459041802098	0.3142376803706977	0.02289117183731678
598	4.007194938744566	0.3142390598099566	0.02290738747476499
599	4.007923127297904	0.3142403369670823	0.02292362834514937
600	4.008643662394464	0.31424151283987	0.02293989423797981
601	4.009356598573802	0.3142425884163391	0.02295618494472726
602	4.01006198998555	0.3142435646748393	0.02297250025880138
603	4.010759890392275	0.3142444425841548	0.02298883997552831
604	4.01145035317232	0.3142452231036073	0.02300520389212878
605	4.012133431322614	0.3142459071831578	0.0230215918076965
606	4.012809177461476	0.3142464957635077	0.02303800352317682
607	4.013477643831378	0.3142469897761978	0.02305443884134585
608	4.014138882301714	0.3142473901437069	0.02307089756678956
609	4.014792944371521	0.3142476977795484	0.0230873795058835
610	4.015439881172198	0.314247913588367	0.02310388446677249
611	4.016079743470203	0.3142480384660327	0.02312041225935084
612	4.016712581669723	0.3142480732997349	0.02313696269524254
613	4.017338445815327	0.314248018968075	0.0231535355877821
614	4.01795738559461	0.3142478763411575	0.02317013075199526
615	4.018569450340793	0.3142476462806807	0.02318674800458025
616	4.019174689035331	0.3142473296400258	0.02320338716388918
617	4.01977315031049	0.3142469272643453	0.0232200480499095
618	4.020364882451895	0.3142464399906501	0.02323673048424608
619	4.020949933401083	0.3142458686478955	0.02325343429010329
620	4.021528350758009	0.3142452140570668	0.02327015929226729
621	4.022100181783556	0.3142444770312631	0.02328690531708865
622	4.022665473402022	0.3142436583757804	0.02330367219246516
623	4.023224272203574	0.3142427588881943	0.02332045974782492
624	4.023776624446704	0.3142417793584405	0.02333726781410952
625	4.024322576060651	0.3142407205688957	0.02335409622375757
626	4.024862172647822	0.3142395832944566	0.02337094481068839
627	4.025395459486171	0.3142383683026185	0.0233878134102859
628	4.025922481531587	0.3142370763535527	0.02340470185938274
629	4.026443283420241	0.314235708200183	0.02342160999624462
630	4.026957909470941	0.3142342645882616	0.02343853766055479
631	4.027466403687439	0.3142327462564439	0.02345548469339883
632	4.027968809760744	0.3142311539363623	0.02347245093724943
633	4.028465171071418	0.3142294883526994	0.02348943623595173
634	4.028955530691835	0.3142277502232604	0.02350644043470838
635	4.029439931388445	0.3142259402590443	0.02352346338006522
636	4.029918415624013	0.3142240591643146	0.02354050491989678
637	4.030391025559834	0.3142221076366691	0.02355756490339232
638	4.030857803057947	0.3142200863671088	0.02357464318104173
639	4.031318789683321	0.3142179960401062	0.02359173960462176
640	4.031774026706025	0.3142158373336726	0.0236088540271825
641	4.032223555103392	0.3142136109194249	0.02362598630303379
642	4.032667415562151	0.3142113174626512	0.02364313628773209
643	4.033105648480565	0.3142089576223762	0.02366030383806727
644	4.03353829397053	0.3142065320514253	0.02367748881204976
645	4.03396539185967	0.3142040413964885	0.02369469106889766
646	4.034386981693424	0.3142014862981831	0.02371191046902418
647	4.034803102737099	0.3141988673911162	0.02372914687402523
648	4.035213793977922	0.3141961853039457	0.02374640014666702
649	4.03561909412708	0.3141934406594415	0.02376367015087391
650	4.036019041621722	0.3141906340745455	0.0237809567517165
651	4.036413674626978	0.3141877661604309	0.02379825981539966
652	4.036803031037936	0.3141848375225611	0.0238155792092509
653	4.037187148481618	0.3141818487607477	0.02383291480170873
654	4.037566064318944	0.314178800469208	0.02385026646231131
655	4.037939815646671	0.3141756932366217	0.02386763406168509
656	4.038308439299318	0.3141725276461871	0.02388501747153377
657	4.038671971851095	0.3141693042756765	0.02390241656462716
658	4.039030449617793	0.3141660236974912	0.02391983121479042
659	4.039383908658673	0.3141626864787158	0.02393726129689321
660	4.03973238477834	0.3141592931811719	0.02395470668683915
661	4.040075913528607	0.3141558443614708	0.02397216726155536
662	4.040414530210335	0.3141523405710665	0.02398964289898199
663	4.040748269875267	0.3141487823563073	0.02400713347806207
664	4.041077167327842	0.3141451702584869	0.02402463887873141
665	4.041401257127005	0.3141415048138957	0.02404215898190855
666	4.041720573587999	0.3141377865538703	0.02405969366948496
667	4.042035150784138	0.3141340160048437	0.02407724282431522
668	4.042345022548576	0.3141301936883941	0.02409480633020743
669	4.042650222476056	0.3141263201212932	0.02411238407191372
670	4.042950783924652	0.3141223958155548	0.02412997593512072
671	4.043246740017491	0.3141184212784814	0.02414758180644042
672	4.043538123644467	0.314114397012712	0.0241652015734009
673	4.043824967463946	0.3141103235162678	0.02418283512443727
674	4.044107303904448	0.3141062012825985	0.02420048234888268
675	4.044385165166323	0.3141020308006277	0.02421814313695951
676	4.044658583223413	0.3140978125547976	0.02423581737977059
677	4.044927589824713	0.3140935470251133	0.02425350496929047
678	4.04519221649599	0.3140892346871871	0.02427120579835704
679	4.045452494541422	0.3140848760122818	0.02428891976066286
680	4.045708455045213	0.3140804714673533	0.02430664675074695
681	4.045960128873189	0.3140760215150935	0.02432438666398655
682	4.046207546674384	0.3140715266139724	0.02434213939658883
683	4.046450738882631	0.3140669872182791	0.02435990484558293
684	4.046689735718118	0.3140624037781636	0.02437768290881195
685	4.046924567188946	0.3140577767396769	0.02439547348492508
686	4.047155263092672	0.3140531065448115	0.02441327647336976
687	4.047381853017843	0.3140483936315413	0.02443109177438407
688	4.047604366345508	0.3140436384338607	0.02444891928898905
689	4.047822832250738	0.3140388413818235	0.02446675891898123
690	4.048037279704119	0.3140340029015819	0.02448461056692505
691	4.048247737473234	0.3140291234154238	0.02450247413614574
692	4.048454234124145	0.3140242033418113	0.02452034953072184
693	4.048656798022858	0.3140192430954174	0.02453823665547813
694	4.048855457336765	0.3140142430871631	0.02455613541597848
695	4.049050240036108	0.3140092037242539	0.02457404571851886
696	4.049241173895389	0.3140041254102157	0.02459196747012034
697	4.049428286494805	0.3139990085449307	0.02460990057852226
698	4.049611605221651	0.3139938535246728	0.02462784495217548
699	4.049791157271732	0.3139886607421422	0.02464580050023561
700	4.04996696965074	0.3139834305865002	0.02466376713255632
701	4.050139069175636	0.3139781634434033	0.02468174475968297
702	4.050307482476028	0.3139728596950373	0.02469973329284591
703	4.050472235995519	0.3139675197201503	0.02471773264395419
704	4.050633355993064	0.3139621438940862	0.02473574272558916
705	4.050790868544304	0.3139567325888173	0.02475376345099824
706	4.050944799542897	0.3139512861729766	0.0247717947340887
707	4.051095174701837	0.3139458050118902	0.02478983648942149
708	4.051242019554762	0.3139402894676089	0.02480788863220519
709	4.051385359457256	0.3139347398989393	0.02482595107829007
710	4.051525219588133	0.3139291566614752	0.02484402374416208
711	4.051661624950729	0.3139235401076284	0.024862106546937
712	4.051794600374153	0.3139178905866586	0.0248801994043547
713	4.051924170514571	0.3139122084447042	0.02489830223477328
714	4.05205035985644	0.3139064940248115	0.0249164149571635
715	4.052173192713759	0.3139007476669643	0.02493453749110314
716	4.052292693231298	0.3138949697081134	0.02495266975677138
717	4.052408885385828	0.3138891604822049	0.02497081167494342
718	4.052521792987328	0.3138833203202091	0.02498896316698498
719	4.052631439680194	0.3138774495501487	0.02500712415484687
720	4.052737848944439	0.3138715484971266	0.02502529456105986
721	4.052841044096879	0.3138656174833538	0.02504347430872918
722	4.052941048292307	0.3138596568281765	0.02506166332152952
723	4.05303788452467	0.3138536668481034	0.02507986152369976
724	4.053131575628226	0.3138476478568323	0.025098068840038
725	4.053222144278701	0.3138416001652769	0.02511628519589636
726	4.053309612994429	0.3138355240815927	0.02513451051717613
727	4.053394004137489	0.3138294199112032	0.02515274473032285
728	4.053475339914834	0.3138232879568257	0.02517098776232133
729	4.05355364237941	0.3138171285184965	0.02518923954069092
730	4.05362893343126	0.3138109418935961	0.02520749999348069
731	4.053701234818638	0.3138047283768743	0.02522576904926475
732	4.053770568139089	0.3137984882604747	0.02524404663713754
733	4.053836954840548	0.3137922218339593	0.02526233268670922
734	4.053900416222409	0.3137859293843322	0.02528062712810115
735	4.053960973436599	0.3137796111960641	0.02529892989194126
736	4.054018647488634	0.3137732675511156	0.02531724090935969
737	4.054073459238685	0.3137668987289607	0.0253355601119843
738	4.054125429402608	0.3137605050066098	0.02535388743193626
739	4.054174578552996	0.3137540866586331	0.02537222280182579
740	4.054220927120201	0.3137476439571827	0.02539056615474779
741	4.054264495393358	0.3137411771720157	0.02540891742427773
742	4.054305303521406	0.3137346865705159	0.02542727654446724
743	4.054343371514086	0.3137281724177161	0.02544564344984016
744	4.054378719242951	0.3137216349763197	0.02546401807538825
745	4.054411366442351	0.3137150745067228	0.02548240035656724
746	4.054441332710422	0.3137084912670348	0.02550079022929282
747	4.054468637510062	0.3137018855130999	0.02551918762993652
748	4.054493300169905	0.3136952574985182	0.02553759249532186
749	4.054515339885278	0.313688607474666	0.02555600476272044
750	4.054534775719166	0.3136819356907167	0.02557442436984804
751	4.054551626603152	0.3136752423936609	0.02559285125486086
752	4.054565911338365	0.3136685278283262	0.02561128535635161
753	4.054577648596412	0.3136617922373977	0.02562972661334594
754	4.054586856920311	0.3136550358614373	0.02564817496529854
755	4.054593554725407	0.313648258938903	0.02566663035208961
756	4.054597760300282	0.3136414617061687	0.02568509271402119
757	4.054599491807676	0.3136346443975429	0.02570356199181352
758	4.054598767285373	0.3136278072452877	0.02572203812660152
759	4.054595604647111	0.3136209504796376	0.02574052105993128
760	4.054590021683447	0.3136140743288179	0.02575901073375655
761	4.054582036062667	0.313607179019063	0.02577750709043523
762	4.054571665331628	0.313600264774635	0.02579601007272609
763	4.054558926916653	0.313593331817841	0.02581451962378526
764	4.054543838124378	0.3135863803690513	0.02583303568716294
765	4.054526416142608	0.3135794106467169	0.02585155820680005
766	4.054506678041169	0.3135724228673872	0.02587008712702498
767	4.054484640772749	0.3135654172457269	0.02588862239255038
768	4.054460321173731	0.3135583939945331	0.02590716394846983
769	4.05443373596503	0.3135513533247527	0.02592571174025473
770	4.054404901752908	0.3135442954454987	0.02594426571375114
771	4.054373835029795	0.3135372205640668	0.02596282581517664
772	4.054340552175099	0.3135301288859522	0.02598139199111732
773	4.054305069456021	0.3135230206148654	0.02599996418852453
774	4.054267403028335	0.3135158959527488	0.02601854235471207
775	4.0542275689372	0.3135087550997921	0.02603712643735307
776	4.054185583117937	0.3135015982544486	0.02605571638447703
777	4.054141461396815	0.3134944256134505	0.02607431214446687
778	4.054095219491825	0.3134872373718246	0.02609291366605612
779	4.054046873013447	0.3134800337229073	0.02611152089832584
780	4.053996437465423	0.3134728148583603	0.02613013379070198
781	4.053943928245509	0.3134655809681851	0.02614875229295239
782	4.05388936064623	0.3134583322407381	0.02616737635518412
783	4.053832749855625	0.3134510688627456	0.02618600592784059
784	4.053774110957992	0.3134437910193179	0.0262046409616989
785	4.053713458934627	0.313436498893964	0.02622328140786703
786	4.053650808664544	0.3134291926686061	0.02624192721778124
787	4.053586174925215	0.3134218725235933	0.02626057834320331
788	4.053519572393281	0.3134145386377162	0.02627923473621803
789	4.053451015645268	0.3134071911882201	0.02629789634923041
790	4.053380519158297	0.3133998303508196	0.02631656313496329
791	4.053308097310793	0.3133924562997116	0.02633523504645457
792	4.053233764383173	0.3133850692075887	0.02635391203705484
793	4.053157534558554	0.3133776692456533	0.02637259406042476
794	4.05307942192343	0.31337025658363	0.02639128107053266
795	4.052999440468358	0.3133628313897793	0.02640997302165193
796	4.052917604088649	0.3133553938309104	0.02642866986835875
797	4.052833926585017	0.3133479440723937	0.02644737156552958
798	4.052748421664275	0.3133404822781741	0.02646607806833868
799	4.052661102939976	0.3133330086107834	0.02648478933225591
800	4.052571983933086	0.3133255232313524	0.02650350531304426
801	4.052481078072634	0.313318026299624	0.02652222596675759
802	4.052388398696356	0.3133105179739648	0.02654095124973822
803	4.052293959051345	0.3133029984113775	0.02655968111861473
804	4.052197772294691	0.3132954677675129	0.02657841553029971
805	4.052099851494109	0.3132879261966819	0.02659715444198744
806	4.052000209628583	0.3132803738518669	0.02661589781115175
807	4.051898859588968	0.313272810884734	0.02663464559554372
808	4.051795814178637	0.3132652374456443	0.02665339775318963
809	4.051691086114078	0.313257653683665	0.02667215424238869
810	4.051584688025512	0.3132500597465816	0.02669091502171093
811	4.051476632457507	0.3132424557809082	0.02670968004999514
812	4.05136693186957	0.3132348419318992	0.02672844928634665
813	4.05125559863675	0.3132272183435602	0.02674722269013539
814	4.051142645050231	0.3132195851586589	0.02676600022099371
815	4.051028083317922	0.3132119425187357	0.02678478183881448
816	4.050911925565043	0.3132042905641148	0.02680356750374882
817	4.0507941838347	0.3131966294339145	0.02682235717620438
818	4.050674870088477	0.3131889592660578	0.02684115081684322
819	4.050553996206983	0.313181280197283	0.02685994838657978
820	4.050431573990443	0.3131735923631536	0.02687874984657907
821	4.050307615159253	0.3131658958980688	0.02689755515825462